CNPJ_CIA;DT_REFER;VERSAO;DENOM_CIA;CD_CVM;GRUPO_DFP;MOEDA;ESCALA_MOEDA;ORDEM_EXERC;DT_INI_EXERC;DT_FIM_EXERC;CD_CONTA;DS_CONTA;VL_CONTA;ST_CONTA_FIXA
00.070.698/0001-11;2021-12-31;2;COMPANHIA ENERGÉTICA DE BRASÍLIA - CEB;014451;DF Individual - Demonstração do Fluxo de Caixa (Método Direto);REAL;MIL;PENÚLTIMO;2020-01-01;2020-12-31;6.01;Caixa Líquido Atividades Operacionais;42714.0000000000;S
00.070.698/0001-11;2021-12-31;2;COMPANHIA ENERGÉTICA DE BRASÍLIA - CEB;014451;DF Individual - Demonstração do Fluxo de Caixa (Método Direto);REAL;MIL;ÚLTIMO;2021-01-01;2021-12-31;6.01;Caixa Líquido Atividades Operacionais;-523505.0000000000;S
00.070.698/0001-11;2021-12-31;2;COMPANHIA ENERGÉTICA DE BRASÍLIA - CEB;014451;DF Individual - Demonstração do Fluxo de Caixa (Método Direto);REAL;MIL;PENÚLTIMO;2020-01-01;2020-12-31;6.01.01;Recebimentos de Consumidores;62047.0000000000;N
00.070.698/0001-11;2021-12-31;2;COMPANHIA ENERGÉTICA DE BRASÍLIA - CEB;014451;DF Individual - Demonstração do Fluxo de Caixa (Método Direto);REAL;MIL;ÚLTIMO;2021-01-01;2021-12-31;6.01.01;Recebimentos de Consumidores;71135.0000000000;N
00.070.698/0001-11;2021-12-31;2;COMPANHIA ENERGÉTICA DE BRASÍLIA - CEB;014451;DF Individual - Demonstração do Fluxo de Caixa (Método Direto);REAL;MIL;PENÚLTIMO;2020-01-01;2020-12-31;6.01.02;Fornecedores - Materiais e Serviços;-43677.0000000000;N
00.070.698/0001-11;2021-12-31;2;COMPANHIA ENERGÉTICA DE BRASÍLIA - CEB;014451;DF Individual - Demonstração do Fluxo de Caixa (Método Direto);REAL;MIL;ÚLTIMO;2021-01-01;2021-12-31;6.01.02;Fornecedores - Materiais e Serviços;-55715.0000000000;N
00.070.698/0001-11;2021-12-31;2;COMPANHIA ENERGÉTICA DE BRASÍLIA - CEB;014451;DF Individual - Demonstração do Fluxo de Caixa (Método Direto);REAL;MIL;PENÚLTIMO;2020-01-01;2020-12-31;6.01.03;Fornecedores - Energia Elétrica;0.0000000000;N
00.070.698/0001-11;2021-12-31;2;COMPANHIA ENERGÉTICA DE BRASÍLIA - CEB;014451;DF Individual - Demonstração do Fluxo de Caixa (Método Direto);REAL;MIL;ÚLTIMO;2021-01-01;2021-12-31;6.01.03;Fornecedores - Energia Elétrica;0.0000000000;N
00.070.698/0001-11;2021-12-31;2;COMPANHIA ENERGÉTICA DE BRASÍLIA - CEB;014451;DF Individual - Demonstração do Fluxo de Caixa (Método Direto);REAL;MIL;PENÚLTIMO;2020-01-01;2020-12-31;6.01.04;Contribuição de Iluminação Pública;0.0000000000;N
00.070.698/0001-11;2021-12-31;2;COMPANHIA ENERGÉTICA DE BRASÍLIA - CEB;014451;DF Individual - Demonstração do Fluxo de Caixa (Método Direto);REAL;MIL;ÚLTIMO;2021-01-01;2021-12-31;6.01.04;Contribuição de Iluminação Pública;0.0000000000;N
00.070.698/0001-11;2021-12-31;2;COMPANHIA ENERGÉTICA DE BRASÍLIA - CEB;014451;DF Individual - Demonstração do Fluxo de Caixa (Método Direto);REAL;MIL;PENÚLTIMO;2020-01-01;2020-12-31;6.01.05;Salários e Encargos Sociais;-20860.0000000000;N
00.070.698/0001-11;2021-12-31;2;COMPANHIA ENERGÉTICA DE BRASÍLIA - CEB;014451;DF Individual - Demonstração do Fluxo de Caixa (Método Direto);REAL;MIL;ÚLTIMO;2021-01-01;2021-12-31;6.01.05;Salários e Encargos Sociais;-16186.0000000000;N
00.070.698/0001-11;2021-12-31;2;COMPANHIA ENERGÉTICA DE BRASÍLIA - CEB;014451;DF Individual - Demonstração do Fluxo de Caixa (Método Direto);REAL;MIL;PENÚLTIMO;2020-01-01;2020-12-31;6.01.06;Rendimento de Aplicações Financeiras;697.0000000000;N
00.070.698/0001-11;2021-12-31;2;COMPANHIA ENERGÉTICA DE BRASÍLIA - CEB;014451;DF Individual - Demonstração do Fluxo de Caixa (Método Direto);REAL;MIL;ÚLTIMO;2021-01-01;2021-12-31;6.01.06;Rendimento de Aplicações Financeiras;47435.0000000000;N
00.070.698/0001-11;2021-12-31;2;COMPANHIA ENERGÉTICA DE BRASÍLIA - CEB;014451;DF Individual - Demonstração do Fluxo de Caixa (Método Direto);REAL;MIL;PENÚLTIMO;2020-01-01;2020-12-31;6.01.07;Pagametos de Encargos da Dívida;-6736.0000000000;N
00.070.698/0001-11;2021-12-31;2;COMPANHIA ENERGÉTICA DE BRASÍLIA - CEB;014451;DF Individual - Demonstração do Fluxo de Caixa (Método Direto);REAL;MIL;ÚLTIMO;2021-01-01;2021-12-31;6.01.07;Pagametos de Encargos da Dívida;-842.0000000000;N
00.070.698/0001-11;2021-12-31;2;COMPANHIA ENERGÉTICA DE BRASÍLIA - CEB;014451;DF Individual - Demonstração do Fluxo de Caixa (Método Direto);REAL;MIL;PENÚLTIMO;2020-01-01;2020-12-31;6.01.08;Dividendos e Juros sobre Capital Próprio Recebidos;73517.0000000000;N
00.070.698/0001-11;2021-12-31;2;COMPANHIA ENERGÉTICA DE BRASÍLIA - CEB;014451;DF Individual - Demonstração do Fluxo de Caixa (Método Direto);REAL;MIL;ÚLTIMO;2021-01-01;2021-12-31;6.01.08;Dividendos e Juros sobre Capital Próprio Recebidos;83972.0000000000;N
00.070.698/0001-11;2021-12-31;2;COMPANHIA ENERGÉTICA DE BRASÍLIA - CEB;014451;DF Individual - Demonstração do Fluxo de Caixa (Método Direto);REAL;MIL;PENÚLTIMO;2020-01-01;2020-12-31;6.01.09;Impostos e Contribuições;-19989.0000000000;N
00.070.698/0001-11;2021-12-31;2;COMPANHIA ENERGÉTICA DE BRASÍLIA - CEB;014451;DF Individual - Demonstração do Fluxo de Caixa (Método Direto);REAL;MIL;ÚLTIMO;2021-01-01;2021-12-31;6.01.09;Impostos e Contribuições;-649978.0000000000;N
00.070.698/0001-11;2021-12-31;2;COMPANHIA ENERGÉTICA DE BRASÍLIA - CEB;014451;DF Individual - Demonstração do Fluxo de Caixa (Método Direto);REAL;MIL;PENÚLTIMO;2020-01-01;2020-12-31;6.01.10;Encargos Setoriais;0.0000000000;N
00.070.698/0001-11;2021-12-31;2;COMPANHIA ENERGÉTICA DE BRASÍLIA - CEB;014451;DF Individual - Demonstração do Fluxo de Caixa (Método Direto);REAL;MIL;ÚLTIMO;2021-01-01;2021-12-31;6.01.10;Encargos Setoriais;0.0000000000;N
00.070.698/0001-11;2021-12-31;2;COMPANHIA ENERGÉTICA DE BRASÍLIA - CEB;014451;DF Individual - Demonstração do Fluxo de Caixa (Método Direto);REAL;MIL;PENÚLTIMO;2020-01-01;2020-12-31;6.01.11;Juros Recebidos;0.0000000000;N
00.070.698/0001-11;2021-12-31;2;COMPANHIA ENERGÉTICA DE BRASÍLIA - CEB;014451;DF Individual - Demonstração do Fluxo de Caixa (Método Direto);REAL;MIL;ÚLTIMO;2021-01-01;2021-12-31;6.01.11;Juros Recebidos;0.0000000000;N
00.070.698/0001-11;2021-12-31;2;COMPANHIA ENERGÉTICA DE BRASÍLIA - CEB;014451;DF Individual - Demonstração do Fluxo de Caixa (Método Direto);REAL;MIL;PENÚLTIMO;2020-01-01;2020-12-31;6.01.12;Outros Pagamentos/Recebimentos;-2285.0000000000;N
00.070.698/0001-11;2021-12-31;2;COMPANHIA ENERGÉTICA DE BRASÍLIA - CEB;014451;DF Individual - Demonstração do Fluxo de Caixa (Método Direto);REAL;MIL;ÚLTIMO;2021-01-01;2021-12-31;6.01.12;Outros Pagamentos/Recebimentos;-3326.0000000000;N
00.070.698/0001-11;2021-12-31;2;COMPANHIA ENERGÉTICA DE BRASÍLIA - CEB;014451;DF Individual - Demonstração do Fluxo de Caixa (Método Direto);REAL;MIL;PENÚLTIMO;2020-01-01;2020-12-31;6.02;Caixa Líquido Atividades de Investimento;-1380.0000000000;S
00.070.698/0001-11;2021-12-31;2;COMPANHIA ENERGÉTICA DE BRASÍLIA - CEB;014451;DF Individual - Demonstração do Fluxo de Caixa (Método Direto);REAL;MIL;ÚLTIMO;2021-01-01;2021-12-31;6.02;Caixa Líquido Atividades de Investimento;2513087.0000000000;S
00.070.698/0001-11;2021-12-31;2;COMPANHIA ENERGÉTICA DE BRASÍLIA - CEB;014451;DF Individual - Demonstração do Fluxo de Caixa (Método Direto);REAL;MIL;PENÚLTIMO;2020-01-01;2020-12-31;6.02.01;Aquisição de Imobilizado;0.0000000000;N
00.070.698/0001-11;2021-12-31;2;COMPANHIA ENERGÉTICA DE BRASÍLIA - CEB;014451;DF Individual - Demonstração do Fluxo de Caixa (Método Direto);REAL;MIL;ÚLTIMO;2021-01-01;2021-12-31;6.02.01;Aquisição de Imobilizado;0.0000000000;N
00.070.698/0001-11;2021-12-31;2;COMPANHIA ENERGÉTICA DE BRASÍLIA - CEB;014451;DF Individual - Demonstração do Fluxo de Caixa (Método Direto);REAL;MIL;PENÚLTIMO;2020-01-01;2020-12-31;6.02.02;Alienação de Imobizado;0.0000000000;N
00.070.698/0001-11;2021-12-31;2;COMPANHIA ENERGÉTICA DE BRASÍLIA - CEB;014451;DF Individual - Demonstração do Fluxo de Caixa (Método Direto);REAL;MIL;ÚLTIMO;2021-01-01;2021-12-31;6.02.02;Alienação de Imobizado;0.0000000000;N
00.070.698/0001-11;2021-12-31;2;COMPANHIA ENERGÉTICA DE BRASÍLIA - CEB;014451;DF Individual - Demonstração do Fluxo de Caixa (Método Direto);REAL;MIL;PENÚLTIMO;2020-01-01;2020-12-31;6.02.03;Aquisição de Investimentos;-1212.0000000000;N
00.070.698/0001-11;2021-12-31;2;COMPANHIA ENERGÉTICA DE BRASÍLIA - CEB;014451;DF Individual - Demonstração do Fluxo de Caixa (Método Direto);REAL;MIL;ÚLTIMO;2021-01-01;2021-12-31;6.02.03;Aquisição de Investimentos;-1844.0000000000;N
00.070.698/0001-11;2021-12-31;2;COMPANHIA ENERGÉTICA DE BRASÍLIA - CEB;014451;DF Individual - Demonstração do Fluxo de Caixa (Método Direto);REAL;MIL;PENÚLTIMO;2020-01-01;2020-12-31;6.02.04;Alienação de Investimentos;0.0000000000;N
00.070.698/0001-11;2021-12-31;2;COMPANHIA ENERGÉTICA DE BRASÍLIA - CEB;014451;DF Individual - Demonstração do Fluxo de Caixa (Método Direto);REAL;MIL;ÚLTIMO;2021-01-01;2021-12-31;6.02.04;Alienação de Investimentos;2515000.0000000000;N
00.070.698/0001-11;2021-12-31;2;COMPANHIA ENERGÉTICA DE BRASÍLIA - CEB;014451;DF Individual - Demonstração do Fluxo de Caixa (Método Direto);REAL;MIL;PENÚLTIMO;2020-01-01;2020-12-31;6.02.05;Adiantamento para Futuro Aumento de Capital;-168.0000000000;N
00.070.698/0001-11;2021-12-31;2;COMPANHIA ENERGÉTICA DE BRASÍLIA - CEB;014451;DF Individual - Demonstração do Fluxo de Caixa (Método Direto);REAL;MIL;ÚLTIMO;2021-01-01;2021-12-31;6.02.05;Adiantamento para Futuro Aumento de Capital;-69.0000000000;N
00.070.698/0001-11;2021-12-31;2;COMPANHIA ENERGÉTICA DE BRASÍLIA - CEB;014451;DF Individual - Demonstração do Fluxo de Caixa (Método Direto);REAL;MIL;PENÚLTIMO;2020-01-01;2020-12-31;6.02.06;Concessão de Empréstimos;0.0000000000;N
00.070.698/0001-11;2021-12-31;2;COMPANHIA ENERGÉTICA DE BRASÍLIA - CEB;014451;DF Individual - Demonstração do Fluxo de Caixa (Método Direto);REAL;MIL;ÚLTIMO;2021-01-01;2021-12-31;6.02.06;Concessão de Empréstimos;0.0000000000;N
00.070.698/0001-11;2021-12-31;2;COMPANHIA ENERGÉTICA DE BRASÍLIA - CEB;014451;DF Individual - Demonstração do Fluxo de Caixa (Método Direto);REAL;MIL;PENÚLTIMO;2020-01-01;2020-12-31;6.02.07;Recursos Oriundos de Redução de Capital em Investida;0.0000000000;N
00.070.698/0001-11;2021-12-31;2;COMPANHIA ENERGÉTICA DE BRASÍLIA - CEB;014451;DF Individual - Demonstração do Fluxo de Caixa (Método Direto);REAL;MIL;ÚLTIMO;2021-01-01;2021-12-31;6.02.07;Recursos Oriundos de Redução de Capital em Investida;0.0000000000;N
00.070.698/0001-11;2021-12-31;2;COMPANHIA ENERGÉTICA DE BRASÍLIA - CEB;014451;DF Individual - Demonstração do Fluxo de Caixa (Método Direto);REAL;MIL;PENÚLTIMO;2020-01-01;2020-12-31;6.03;Caixa Líquido Atividades de Financiamento;-39635.0000000000;S
00.070.698/0001-11;2021-12-31;2;COMPANHIA ENERGÉTICA DE BRASÍLIA - CEB;014451;DF Individual - Demonstração do Fluxo de Caixa (Método Direto);REAL;MIL;ÚLTIMO;2021-01-01;2021-12-31;6.03;Caixa Líquido Atividades de Financiamento;-1516348.0000000000;S
00.070.698/0001-11;2021-12-31;2;COMPANHIA ENERGÉTICA DE BRASÍLIA - CEB;014451;DF Individual - Demonstração do Fluxo de Caixa (Método Direto);REAL;MIL;PENÚLTIMO;2020-01-01;2020-12-31;6.03.01;Dividendos e Juros Sobre Capital Proprios Pagos;-28000.0000000000;N
00.070.698/0001-11;2021-12-31;2;COMPANHIA ENERGÉTICA DE BRASÍLIA - CEB;014451;DF Individual - Demonstração do Fluxo de Caixa (Método Direto);REAL;MIL;ÚLTIMO;2021-01-01;2021-12-31;6.03.01;Dividendos e Juros Sobre Capital Proprios Pagos;-1422460.0000000000;N
00.070.698/0001-11;2021-12-31;2;COMPANHIA ENERGÉTICA DE BRASÍLIA - CEB;014451;DF Individual - Demonstração do Fluxo de Caixa (Método Direto);REAL;MIL;PENÚLTIMO;2020-01-01;2020-12-31;6.03.02;Empréstimos e Financiamentos Obtidos;0.0000000000;N
00.070.698/0001-11;2021-12-31;2;COMPANHIA ENERGÉTICA DE BRASÍLIA - CEB;014451;DF Individual - Demonstração do Fluxo de Caixa (Método Direto);REAL;MIL;ÚLTIMO;2021-01-01;2021-12-31;6.03.02;Empréstimos e Financiamentos Obtidos;-8935.0000000000;N
00.070.698/0001-11;2021-12-31;2;COMPANHIA ENERGÉTICA DE BRASÍLIA - CEB;014451;DF Individual - Demonstração do Fluxo de Caixa (Método Direto);REAL;MIL;PENÚLTIMO;2020-01-01;2020-12-31;6.03.03;Amortização de Empréstimos e Financiamentos;-21908.0000000000;N
00.070.698/0001-11;2021-12-31;2;COMPANHIA ENERGÉTICA DE BRASÍLIA - CEB;014451;DF Individual - Demonstração do Fluxo de Caixa (Método Direto);REAL;MIL;ÚLTIMO;2021-01-01;2021-12-31;6.03.03;Amortização de Empréstimos e Financiamentos;-95164.0000000000;N
00.070.698/0001-11;2021-12-31;2;COMPANHIA ENERGÉTICA DE BRASÍLIA - CEB;014451;DF Individual - Demonstração do Fluxo de Caixa (Método Direto);REAL;MIL;PENÚLTIMO;2020-01-01;2020-12-31;6.03.04;Adiantamento para Futuro Aumento de Capital;0.0000000000;N
00.070.698/0001-11;2021-12-31;2;COMPANHIA ENERGÉTICA DE BRASÍLIA - CEB;014451;DF Individual - Demonstração do Fluxo de Caixa (Método Direto);REAL;MIL;ÚLTIMO;2021-01-01;2021-12-31;6.03.04;Adiantamento para Futuro Aumento de Capital;0.0000000000;N
00.070.698/0001-11;2021-12-31;2;COMPANHIA ENERGÉTICA DE BRASÍLIA - CEB;014451;DF Individual - Demonstração do Fluxo de Caixa (Método Direto);REAL;MIL;PENÚLTIMO;2020-01-01;2020-12-31;6.03.05;Outros;10273.0000000000;N
00.070.698/0001-11;2021-12-31;2;COMPANHIA ENERGÉTICA DE BRASÍLIA - CEB;014451;DF Individual - Demonstração do Fluxo de Caixa (Método Direto);REAL;MIL;ÚLTIMO;2021-01-01;2021-12-31;6.03.05;Outros;10211.0000000000;N
00.070.698/0001-11;2021-12-31;2;COMPANHIA ENERGÉTICA DE BRASÍLIA - CEB;014451;DF Individual - Demonstração do Fluxo de Caixa (Método Direto);REAL;MIL;PENÚLTIMO;2020-01-01;2020-12-31;6.04;Variação Cambial s/ Caixa e Equivalentes;0.0000000000;S
00.070.698/0001-11;2021-12-31;2;COMPANHIA ENERGÉTICA DE BRASÍLIA - CEB;014451;DF Individual - Demonstração do Fluxo de Caixa (Método Direto);REAL;MIL;ÚLTIMO;2021-01-01;2021-12-31;6.04;Variação Cambial s/ Caixa e Equivalentes;0.0000000000;S
00.070.698/0001-11;2021-12-31;2;COMPANHIA ENERGÉTICA DE BRASÍLIA - CEB;014451;DF Individual - Demonstração do Fluxo de Caixa (Método Direto);REAL;MIL;PENÚLTIMO;2020-01-01;2020-12-31;6.05;Aumento (Redução) de Caixa e Equivalentes;1699.0000000000;S
00.070.698/0001-11;2021-12-31;2;COMPANHIA ENERGÉTICA DE BRASÍLIA - CEB;014451;DF Individual - Demonstração do Fluxo de Caixa (Método Direto);REAL;MIL;ÚLTIMO;2021-01-01;2021-12-31;6.05;Aumento (Redução) de Caixa e Equivalentes;473234.0000000000;S
00.070.698/0001-11;2021-12-31;2;COMPANHIA ENERGÉTICA DE BRASÍLIA - CEB;014451;DF Individual - Demonstração do Fluxo de Caixa (Método Direto);REAL;MIL;PENÚLTIMO;2020-01-01;2020-12-31;6.05.01;Saldo Inicial de Caixa e Equivalentes;12713.0000000000;S
00.070.698/0001-11;2021-12-31;2;COMPANHIA ENERGÉTICA DE BRASÍLIA - CEB;014451;DF Individual - Demonstração do Fluxo de Caixa (Método Direto);REAL;MIL;ÚLTIMO;2021-01-01;2021-12-31;6.05.01;Saldo Inicial de Caixa e Equivalentes;14412.0000000000;S
00.070.698/0001-11;2021-12-31;2;COMPANHIA ENERGÉTICA DE BRASÍLIA - CEB;014451;DF Individual - Demonstração do Fluxo de Caixa (Método Direto);REAL;MIL;PENÚLTIMO;2020-01-01;2020-12-31;6.05.02;Saldo Final de Caixa e Equivalentes;14412.0000000000;S
00.070.698/0001-11;2021-12-31;2;COMPANHIA ENERGÉTICA DE BRASÍLIA - CEB;014451;DF Individual - Demonstração do Fluxo de Caixa (Método Direto);REAL;MIL;ÚLTIMO;2021-01-01;2021-12-31;6.05.02;Saldo Final de Caixa e Equivalentes;487646.0000000000;S
00.545.378/0001-70;2021-12-31;1;SERRA AZUL WATER PARK SA;014966;DF Individual - Demonstração do Fluxo de Caixa (Método Direto);REAL;MIL;PENÚLTIMO;2020-01-01;2020-12-31;6.01;Caixa Líquido Atividades Operacionais;997.0000000000;S
00.545.378/0001-70;2021-12-31;1;SERRA AZUL WATER PARK SA;014966;DF Individual - Demonstração do Fluxo de Caixa (Método Direto);REAL;MIL;ÚLTIMO;2021-01-01;2021-12-31;6.01;Caixa Líquido Atividades Operacionais;4923.0000000000;S
00.545.378/0001-70;2021-12-31;1;SERRA AZUL WATER PARK SA;014966;DF Individual - Demonstração do Fluxo de Caixa (Método Direto);REAL;MIL;PENÚLTIMO;2020-01-01;2020-12-31;6.02;Caixa Líquido Atividades de Investimento;-936.0000000000;S
00.545.378/0001-70;2021-12-31;1;SERRA AZUL WATER PARK SA;014966;DF Individual - Demonstração do Fluxo de Caixa (Método Direto);REAL;MIL;ÚLTIMO;2021-01-01;2021-12-31;6.02;Caixa Líquido Atividades de Investimento;-1564.0000000000;S
00.545.378/0001-70;2021-12-31;1;SERRA AZUL WATER PARK SA;014966;DF Individual - Demonstração do Fluxo de Caixa (Método Direto);REAL;MIL;PENÚLTIMO;2020-01-01;2020-12-31;6.03;Caixa Líquido Atividades de Financiamento;-263.0000000000;S
00.545.378/0001-70;2021-12-31;1;SERRA AZUL WATER PARK SA;014966;DF Individual - Demonstração do Fluxo de Caixa (Método Direto);REAL;MIL;ÚLTIMO;2021-01-01;2021-12-31;6.03;Caixa Líquido Atividades de Financiamento;-610.0000000000;S
00.545.378/0001-70;2021-12-31;1;SERRA AZUL WATER PARK SA;014966;DF Individual - Demonstração do Fluxo de Caixa (Método Direto);REAL;MIL;PENÚLTIMO;2020-01-01;2020-12-31;6.04;Variação Cambial s/ Caixa e Equivalentes;0.0000000000;S
00.545.378/0001-70;2021-12-31;1;SERRA AZUL WATER PARK SA;014966;DF Individual - Demonstração do Fluxo de Caixa (Método Direto);REAL;MIL;ÚLTIMO;2021-01-01;2021-12-31;6.04;Variação Cambial s/ Caixa e Equivalentes;0.0000000000;S
00.545.378/0001-70;2021-12-31;1;SERRA AZUL WATER PARK SA;014966;DF Individual - Demonstração do Fluxo de Caixa (Método Direto);REAL;MIL;PENÚLTIMO;2020-01-01;2020-12-31;6.05;Aumento (Redução) de Caixa e Equivalentes;-202.0000000000;S
00.545.378/0001-70;2021-12-31;1;SERRA AZUL WATER PARK SA;014966;DF Individual - Demonstração do Fluxo de Caixa (Método Direto);REAL;MIL;ÚLTIMO;2021-01-01;2021-12-31;6.05;Aumento (Redução) de Caixa e Equivalentes;2749.0000000000;S
00.545.378/0001-70;2021-12-31;1;SERRA AZUL WATER PARK SA;014966;DF Individual - Demonstração do Fluxo de Caixa (Método Direto);REAL;MIL;PENÚLTIMO;2020-01-01;2020-12-31;6.05.01;Saldo Inicial de Caixa e Equivalentes;8511.0000000000;S
00.545.378/0001-70;2021-12-31;1;SERRA AZUL WATER PARK SA;014966;DF Individual - Demonstração do Fluxo de Caixa (Método Direto);REAL;MIL;ÚLTIMO;2021-01-01;2021-12-31;6.05.01;Saldo Inicial de Caixa e Equivalentes;8308.0000000000;S
00.545.378/0001-70;2021-12-31;1;SERRA AZUL WATER PARK SA;014966;DF Individual - Demonstração do Fluxo de Caixa (Método Direto);REAL;MIL;PENÚLTIMO;2020-01-01;2020-12-31;6.05.02;Saldo Final de Caixa e Equivalentes;8309.0000000000;S
00.545.378/0001-70;2021-12-31;1;SERRA AZUL WATER PARK SA;014966;DF Individual - Demonstração do Fluxo de Caixa (Método Direto);REAL;MIL;ÚLTIMO;2021-01-01;2021-12-31;6.05.02;Saldo Final de Caixa e Equivalentes;11057.0000000000;S
01.319.044/0001-41;2021-12-31;1;WTC AMAZONAS SUITE HOTEL S.A.;015741;DF Individual - Demonstração do Fluxo de Caixa (Método Direto);REAL;MIL;PENÚLTIMO;2020-01-01;2020-12-31;6.01;Caixa Líquido Atividades Operacionais;-86.0000000000;S
01.319.044/0001-41;2021-12-31;1;WTC AMAZONAS SUITE HOTEL S.A.;015741;DF Individual - Demonstração do Fluxo de Caixa (Método Direto);REAL;MIL;ÚLTIMO;2021-01-01;2021-12-31;6.01;Caixa Líquido Atividades Operacionais;-66.0000000000;S
01.319.044/0001-41;2021-12-31;1;WTC AMAZONAS SUITE HOTEL S.A.;015741;DF Individual - Demonstração do Fluxo de Caixa (Método Direto);REAL;MIL;PENÚLTIMO;2020-01-01;2020-12-31;6.01.01;Vls pagos a fornecedores e empregados;-65.0000000000;N
01.319.044/0001-41;2021-12-31;1;WTC AMAZONAS SUITE HOTEL S.A.;015741;DF Individual - Demonstração do Fluxo de Caixa (Método Direto);REAL;MIL;ÚLTIMO;2021-01-01;2021-12-31;6.01.01;Vls pagos a fornecedores e empregados;-44.0000000000;N
01.319.044/0001-41;2021-12-31;1;WTC AMAZONAS SUITE HOTEL S.A.;015741;DF Individual - Demonstração do Fluxo de Caixa (Método Direto);REAL;MIL;PENÚLTIMO;2020-01-01;2020-12-31;6.01.02;Tributos pagos;-20.0000000000;N
01.319.044/0001-41;2021-12-31;1;WTC AMAZONAS SUITE HOTEL S.A.;015741;DF Individual - Demonstração do Fluxo de Caixa (Método Direto);REAL;MIL;ÚLTIMO;2021-01-01;2021-12-31;6.01.02;Tributos pagos;-21.0000000000;N
01.319.044/0001-41;2021-12-31;1;WTC AMAZONAS SUITE HOTEL S.A.;015741;DF Individual - Demonstração do Fluxo de Caixa (Método Direto);REAL;MIL;PENÚLTIMO;2020-01-01;2020-12-31;6.01.03;Outros recebimentos (pagamentos) líquidos;-1.0000000000;N
01.319.044/0001-41;2021-12-31;1;WTC AMAZONAS SUITE HOTEL S.A.;015741;DF Individual - Demonstração do Fluxo de Caixa (Método Direto);REAL;MIL;ÚLTIMO;2021-01-01;2021-12-31;6.01.03;Outros recebimentos (pagamentos) líquidos;-1.0000000000;N
01.319.044/0001-41;2021-12-31;1;WTC AMAZONAS SUITE HOTEL S.A.;015741;DF Individual - Demonstração do Fluxo de Caixa (Método Direto);REAL;MIL;PENÚLTIMO;2020-01-01;2020-12-31;6.02;Caixa Líquido Atividades de Investimento;0.0000000000;S
01.319.044/0001-41;2021-12-31;1;WTC AMAZONAS SUITE HOTEL S.A.;015741;DF Individual - Demonstração do Fluxo de Caixa (Método Direto);REAL;MIL;ÚLTIMO;2021-01-01;2021-12-31;6.02;Caixa Líquido Atividades de Investimento;0.0000000000;S
01.319.044/0001-41;2021-12-31;1;WTC AMAZONAS SUITE HOTEL S.A.;015741;DF Individual - Demonstração do Fluxo de Caixa (Método Direto);REAL;MIL;PENÚLTIMO;2020-01-01;2020-12-31;6.02.01;Aplicações no diferido;0.0000000000;N
01.319.044/0001-41;2021-12-31;1;WTC AMAZONAS SUITE HOTEL S.A.;015741;DF Individual - Demonstração do Fluxo de Caixa (Método Direto);REAL;MIL;ÚLTIMO;2021-01-01;2021-12-31;6.02.01;Aplicações no diferido;0.0000000000;N
01.319.044/0001-41;2021-12-31;1;WTC AMAZONAS SUITE HOTEL S.A.;015741;DF Individual - Demonstração do Fluxo de Caixa (Método Direto);REAL;MIL;PENÚLTIMO;2020-01-01;2020-12-31;6.03;Caixa Líquido Atividades de Financiamento;86.0000000000;S
01.319.044/0001-41;2021-12-31;1;WTC AMAZONAS SUITE HOTEL S.A.;015741;DF Individual - Demonstração do Fluxo de Caixa (Método Direto);REAL;MIL;ÚLTIMO;2021-01-01;2021-12-31;6.03;Caixa Líquido Atividades de Financiamento;66.0000000000;S
01.319.044/0001-41;2021-12-31;1;WTC AMAZONAS SUITE HOTEL S.A.;015741;DF Individual - Demonstração do Fluxo de Caixa (Método Direto);REAL;MIL;PENÚLTIMO;2020-01-01;2020-12-31;6.03.01;Empréstimos tomados;86.0000000000;N
01.319.044/0001-41;2021-12-31;1;WTC AMAZONAS SUITE HOTEL S.A.;015741;DF Individual - Demonstração do Fluxo de Caixa (Método Direto);REAL;MIL;ÚLTIMO;2021-01-01;2021-12-31;6.03.01;Empréstimos tomados;66.0000000000;N
01.319.044/0001-41;2021-12-31;1;WTC AMAZONAS SUITE HOTEL S.A.;015741;DF Individual - Demonstração do Fluxo de Caixa (Método Direto);REAL;MIL;PENÚLTIMO;2020-01-01;2020-12-31;6.04;Variação Cambial s/ Caixa e Equivalentes;0.0000000000;S
01.319.044/0001-41;2021-12-31;1;WTC AMAZONAS SUITE HOTEL S.A.;015741;DF Individual - Demonstração do Fluxo de Caixa (Método Direto);REAL;MIL;ÚLTIMO;2021-01-01;2021-12-31;6.04;Variação Cambial s/ Caixa e Equivalentes;0.0000000000;S
01.319.044/0001-41;2021-12-31;1;WTC AMAZONAS SUITE HOTEL S.A.;015741;DF Individual - Demonstração do Fluxo de Caixa (Método Direto);REAL;MIL;PENÚLTIMO;2020-01-01;2020-12-31;6.05;Aumento (Redução) de Caixa e Equivalentes;0.0000000000;S
01.319.044/0001-41;2021-12-31;1;WTC AMAZONAS SUITE HOTEL S.A.;015741;DF Individual - Demonstração do Fluxo de Caixa (Método Direto);REAL;MIL;ÚLTIMO;2021-01-01;2021-12-31;6.05;Aumento (Redução) de Caixa e Equivalentes;0.0000000000;S
01.319.044/0001-41;2021-12-31;1;WTC AMAZONAS SUITE HOTEL S.A.;015741;DF Individual - Demonstração do Fluxo de Caixa (Método Direto);REAL;MIL;PENÚLTIMO;2020-01-01;2020-12-31;6.05.01;Saldo Inicial de Caixa e Equivalentes;0.0000000000;S
01.319.044/0001-41;2021-12-31;1;WTC AMAZONAS SUITE HOTEL S.A.;015741;DF Individual - Demonstração do Fluxo de Caixa (Método Direto);REAL;MIL;ÚLTIMO;2021-01-01;2021-12-31;6.05.01;Saldo Inicial de Caixa e Equivalentes;0.0000000000;S
01.319.044/0001-41;2021-12-31;1;WTC AMAZONAS SUITE HOTEL S.A.;015741;DF Individual - Demonstração do Fluxo de Caixa (Método Direto);REAL;MIL;PENÚLTIMO;2020-01-01;2020-12-31;6.05.02;Saldo Final de Caixa e Equivalentes;0.0000000000;S
01.319.044/0001-41;2021-12-31;1;WTC AMAZONAS SUITE HOTEL S.A.;015741;DF Individual - Demonstração do Fluxo de Caixa (Método Direto);REAL;MIL;ÚLTIMO;2021-01-01;2021-12-31;6.05.02;Saldo Final de Caixa e Equivalentes;0.0000000000;S
01.989.044/0001-59;2021-12-31;2;WTC RIO EMPREEND. E PARTICIPAÇÕES S.A.;016551;DF Individual - Demonstração do Fluxo de Caixa (Método Direto);REAL;MIL;PENÚLTIMO;2020-01-01;2020-12-31;6.01;Caixa Líquido Atividades Operacionais;-88.0000000000;S
01.989.044/0001-59;2021-12-31;2;WTC RIO EMPREEND. E PARTICIPAÇÕES S.A.;016551;DF Individual - Demonstração do Fluxo de Caixa (Método Direto);REAL;MIL;ÚLTIMO;2021-01-01;2021-12-31;6.01;Caixa Líquido Atividades Operacionais;-68.0000000000;S
01.989.044/0001-59;2021-12-31;2;WTC RIO EMPREEND. E PARTICIPAÇÕES S.A.;016551;DF Individual - Demonstração do Fluxo de Caixa (Método Direto);REAL;MIL;PENÚLTIMO;2020-01-01;2020-12-31;6.01.01;Vls pagos a fornecedores e empregados;-67.0000000000;N
01.989.044/0001-59;2021-12-31;2;WTC RIO EMPREEND. E PARTICIPAÇÕES S.A.;016551;DF Individual - Demonstração do Fluxo de Caixa (Método Direto);REAL;MIL;ÚLTIMO;2021-01-01;2021-12-31;6.01.01;Vls pagos a fornecedores e empregados;-46.0000000000;N
01.989.044/0001-59;2021-12-31;2;WTC RIO EMPREEND. E PARTICIPAÇÕES S.A.;016551;DF Individual - Demonstração do Fluxo de Caixa (Método Direto);REAL;MIL;PENÚLTIMO;2020-01-01;2020-12-31;6.01.02;Tributos pagos;-20.0000000000;N
01.989.044/0001-59;2021-12-31;2;WTC RIO EMPREEND. E PARTICIPAÇÕES S.A.;016551;DF Individual - Demonstração do Fluxo de Caixa (Método Direto);REAL;MIL;ÚLTIMO;2021-01-01;2021-12-31;6.01.02;Tributos pagos;-21.0000000000;N
01.989.044/0001-59;2021-12-31;2;WTC RIO EMPREEND. E PARTICIPAÇÕES S.A.;016551;DF Individual - Demonstração do Fluxo de Caixa (Método Direto);REAL;MIL;PENÚLTIMO;2020-01-01;2020-12-31;6.01.03;Outros recebimentos e pagamentos liquidos;-1.0000000000;N
01.989.044/0001-59;2021-12-31;2;WTC RIO EMPREEND. E PARTICIPAÇÕES S.A.;016551;DF Individual - Demonstração do Fluxo de Caixa (Método Direto);REAL;MIL;ÚLTIMO;2021-01-01;2021-12-31;6.01.03;Outros recebimentos e pagamentos liquidos;-1.0000000000;N
01.989.044/0001-59;2021-12-31;2;WTC RIO EMPREEND. E PARTICIPAÇÕES S.A.;016551;DF Individual - Demonstração do Fluxo de Caixa (Método Direto);REAL;MIL;PENÚLTIMO;2020-01-01;2020-12-31;6.02;Caixa Líquido Atividades de Investimento;0.0000000000;S
01.989.044/0001-59;2021-12-31;2;WTC RIO EMPREEND. E PARTICIPAÇÕES S.A.;016551;DF Individual - Demonstração do Fluxo de Caixa (Método Direto);REAL;MIL;ÚLTIMO;2021-01-01;2021-12-31;6.02;Caixa Líquido Atividades de Investimento;0.0000000000;S
01.989.044/0001-59;2021-12-31;2;WTC RIO EMPREEND. E PARTICIPAÇÕES S.A.;016551;DF Individual - Demonstração do Fluxo de Caixa (Método Direto);REAL;MIL;PENÚLTIMO;2020-01-01;2020-12-31;6.02.01;Aplicações no diferido;0.0000000000;N
01.989.044/0001-59;2021-12-31;2;WTC RIO EMPREEND. E PARTICIPAÇÕES S.A.;016551;DF Individual - Demonstração do Fluxo de Caixa (Método Direto);REAL;MIL;ÚLTIMO;2021-01-01;2021-12-31;6.02.01;Aplicações no diferido;0.0000000000;N
01.989.044/0001-59;2021-12-31;2;WTC RIO EMPREEND. E PARTICIPAÇÕES S.A.;016551;DF Individual - Demonstração do Fluxo de Caixa (Método Direto);REAL;MIL;PENÚLTIMO;2020-01-01;2020-12-31;6.03;Caixa Líquido Atividades de Financiamento;88.0000000000;S
01.989.044/0001-59;2021-12-31;2;WTC RIO EMPREEND. E PARTICIPAÇÕES S.A.;016551;DF Individual - Demonstração do Fluxo de Caixa (Método Direto);REAL;MIL;ÚLTIMO;2021-01-01;2021-12-31;6.03;Caixa Líquido Atividades de Financiamento;68.0000000000;S
01.989.044/0001-59;2021-12-31;2;WTC RIO EMPREEND. E PARTICIPAÇÕES S.A.;016551;DF Individual - Demonstração do Fluxo de Caixa (Método Direto);REAL;MIL;PENÚLTIMO;2020-01-01;2020-12-31;6.03.01;Emprestimos tomados;88.0000000000;N
01.989.044/0001-59;2021-12-31;2;WTC RIO EMPREEND. E PARTICIPAÇÕES S.A.;016551;DF Individual - Demonstração do Fluxo de Caixa (Método Direto);REAL;MIL;ÚLTIMO;2021-01-01;2021-12-31;6.03.01;Emprestimos tomados;68.0000000000;N
01.989.044/0001-59;2021-12-31;2;WTC RIO EMPREEND. E PARTICIPAÇÕES S.A.;016551;DF Individual - Demonstração do Fluxo de Caixa (Método Direto);REAL;MIL;PENÚLTIMO;2020-01-01;2020-12-31;6.04;Variação Cambial s/ Caixa e Equivalentes;0.0000000000;S
01.989.044/0001-59;2021-12-31;2;WTC RIO EMPREEND. E PARTICIPAÇÕES S.A.;016551;DF Individual - Demonstração do Fluxo de Caixa (Método Direto);REAL;MIL;ÚLTIMO;2021-01-01;2021-12-31;6.04;Variação Cambial s/ Caixa e Equivalentes;0.0000000000;S
01.989.044/0001-59;2021-12-31;2;WTC RIO EMPREEND. E PARTICIPAÇÕES S.A.;016551;DF Individual - Demonstração do Fluxo de Caixa (Método Direto);REAL;MIL;PENÚLTIMO;2020-01-01;2020-12-31;6.05;Aumento (Redução) de Caixa e Equivalentes;0.0000000000;S
01.989.044/0001-59;2021-12-31;2;WTC RIO EMPREEND. E PARTICIPAÇÕES S.A.;016551;DF Individual - Demonstração do Fluxo de Caixa (Método Direto);REAL;MIL;ÚLTIMO;2021-01-01;2021-12-31;6.05;Aumento (Redução) de Caixa e Equivalentes;0.0000000000;S
01.989.044/0001-59;2021-12-31;2;WTC RIO EMPREEND. E PARTICIPAÇÕES S.A.;016551;DF Individual - Demonstração do Fluxo de Caixa (Método Direto);REAL;MIL;PENÚLTIMO;2020-01-01;2020-12-31;6.05.01;Saldo Inicial de Caixa e Equivalentes;0.0000000000;S
01.989.044/0001-59;2021-12-31;2;WTC RIO EMPREEND. E PARTICIPAÇÕES S.A.;016551;DF Individual - Demonstração do Fluxo de Caixa (Método Direto);REAL;MIL;ÚLTIMO;2021-01-01;2021-12-31;6.05.01;Saldo Inicial de Caixa e Equivalentes;0.0000000000;S
01.989.044/0001-59;2021-12-31;2;WTC RIO EMPREEND. E PARTICIPAÇÕES S.A.;016551;DF Individual - Demonstração do Fluxo de Caixa (Método Direto);REAL;MIL;PENÚLTIMO;2020-01-01;2020-12-31;6.05.02;Saldo Final de Caixa e Equivalentes;0.0000000000;S
01.989.044/0001-59;2021-12-31;2;WTC RIO EMPREEND. E PARTICIPAÇÕES S.A.;016551;DF Individual - Demonstração do Fluxo de Caixa (Método Direto);REAL;MIL;ÚLTIMO;2021-01-01;2021-12-31;6.05.02;Saldo Final de Caixa e Equivalentes;0.0000000000;S
02.201.787/0001-85;2021-12-31;1;CEL PARTICIPAÇÕES S.A. - CELPAR;016675;DF Individual - Demonstração do Fluxo de Caixa (Método Direto);REAL;UNIDADE;PENÚLTIMO;2020-01-01;2020-12-31;6.01;Caixa Líquido Atividades Operacionais;-191.0000000000;S
02.201.787/0001-85;2021-12-31;1;CEL PARTICIPAÇÕES S.A. - CELPAR;016675;DF Individual - Demonstração do Fluxo de Caixa (Método Direto);REAL;UNIDADE;ÚLTIMO;2021-01-01;2021-12-31;6.01;Caixa Líquido Atividades Operacionais;1.0000000000;S
02.201.787/0001-85;2021-12-31;1;CEL PARTICIPAÇÕES S.A. - CELPAR;016675;DF Individual - Demonstração do Fluxo de Caixa (Método Direto);REAL;UNIDADE;PENÚLTIMO;2020-01-01;2020-12-31;6.02;Caixa Líquido Atividades de Investimento;0.0000000000;S
02.201.787/0001-85;2021-12-31;1;CEL PARTICIPAÇÕES S.A. - CELPAR;016675;DF Individual - Demonstração do Fluxo de Caixa (Método Direto);REAL;UNIDADE;ÚLTIMO;2021-01-01;2021-12-31;6.02;Caixa Líquido Atividades de Investimento;0.0000000000;S
02.201.787/0001-85;2021-12-31;1;CEL PARTICIPAÇÕES S.A. - CELPAR;016675;DF Individual - Demonstração do Fluxo de Caixa (Método Direto);REAL;UNIDADE;PENÚLTIMO;2020-01-01;2020-12-31;6.03;Caixa Líquido Atividades de Financiamento;0.0000000000;S
02.201.787/0001-85;2021-12-31;1;CEL PARTICIPAÇÕES S.A. - CELPAR;016675;DF Individual - Demonstração do Fluxo de Caixa (Método Direto);REAL;UNIDADE;ÚLTIMO;2021-01-01;2021-12-31;6.03;Caixa Líquido Atividades de Financiamento;0.0000000000;S
02.201.787/0001-85;2021-12-31;1;CEL PARTICIPAÇÕES S.A. - CELPAR;016675;DF Individual - Demonstração do Fluxo de Caixa (Método Direto);REAL;UNIDADE;PENÚLTIMO;2020-01-01;2020-12-31;6.04;Variação Cambial s/ Caixa e Equivalentes;0.0000000000;S
02.201.787/0001-85;2021-12-31;1;CEL PARTICIPAÇÕES S.A. - CELPAR;016675;DF Individual - Demonstração do Fluxo de Caixa (Método Direto);REAL;UNIDADE;ÚLTIMO;2021-01-01;2021-12-31;6.04;Variação Cambial s/ Caixa e Equivalentes;0.0000000000;S
02.201.787/0001-85;2021-12-31;1;CEL PARTICIPAÇÕES S.A. - CELPAR;016675;DF Individual - Demonstração do Fluxo de Caixa (Método Direto);REAL;UNIDADE;PENÚLTIMO;2020-01-01;2020-12-31;6.05;Aumento (Redução) de Caixa e Equivalentes;-191.0000000000;S
02.201.787/0001-85;2021-12-31;1;CEL PARTICIPAÇÕES S.A. - CELPAR;016675;DF Individual - Demonstração do Fluxo de Caixa (Método Direto);REAL;UNIDADE;ÚLTIMO;2021-01-01;2021-12-31;6.05;Aumento (Redução) de Caixa e Equivalentes;1.0000000000;S
02.201.787/0001-85;2021-12-31;1;CEL PARTICIPAÇÕES S.A. - CELPAR;016675;DF Individual - Demonstração do Fluxo de Caixa (Método Direto);REAL;UNIDADE;PENÚLTIMO;2020-01-01;2020-12-31;6.05.01;Saldo Inicial de Caixa e Equivalentes;191.0000000000;S
02.201.787/0001-85;2021-12-31;1;CEL PARTICIPAÇÕES S.A. - CELPAR;016675;DF Individual - Demonstração do Fluxo de Caixa (Método Direto);REAL;UNIDADE;ÚLTIMO;2021-01-01;2021-12-31;6.05.01;Saldo Inicial de Caixa e Equivalentes;-1.0000000000;S
02.201.787/0001-85;2021-12-31;1;CEL PARTICIPAÇÕES S.A. - CELPAR;016675;DF Individual - Demonstração do Fluxo de Caixa (Método Direto);REAL;UNIDADE;PENÚLTIMO;2020-01-01;2020-12-31;6.05.02;Saldo Final de Caixa e Equivalentes;0.0000000000;S
02.201.787/0001-85;2021-12-31;1;CEL PARTICIPAÇÕES S.A. - CELPAR;016675;DF Individual - Demonstração do Fluxo de Caixa (Método Direto);REAL;UNIDADE;ÚLTIMO;2021-01-01;2021-12-31;6.05.02;Saldo Final de Caixa e Equivalentes;0.0000000000;S
02.600.854/0001-34;2021-12-31;1;TIM BRASIL SERVIÇOS E PARTICIPAÇÕES S.A.;027090;DF Individual - Demonstração do Fluxo de Caixa (Método Direto);REAL;MIL;PENÚLTIMO;2020-01-01;2020-12-31;6.01;Caixa Líquido Atividades Operacionais;72313.0000000000;S
02.600.854/0001-34;2021-12-31;1;TIM BRASIL SERVIÇOS E PARTICIPAÇÕES S.A.;027090;DF Individual - Demonstração do Fluxo de Caixa (Método Direto);REAL;MIL;ÚLTIMO;2021-01-01;2021-12-31;6.01;Caixa Líquido Atividades Operacionais;52115.0000000000;S
02.600.854/0001-34;2021-12-31;1;TIM BRASIL SERVIÇOS E PARTICIPAÇÕES S.A.;027090;DF Individual - Demonstração do Fluxo de Caixa (Método Direto);REAL;MIL;PENÚLTIMO;2020-01-01;2020-12-31;6.01.01;Lucro antes do imposto de renda e da contribuição social;1138621.0000000000;N
02.600.854/0001-34;2021-12-31;1;TIM BRASIL SERVIÇOS E PARTICIPAÇÕES S.A.;027090;DF Individual - Demonstração do Fluxo de Caixa (Método Direto);REAL;MIL;ÚLTIMO;2021-01-01;2021-12-31;6.01.01;Lucro antes do imposto de renda e da contribuição social;1907982.0000000000;N
02.600.854/0001-34;2021-12-31;1;TIM BRASIL SERVIÇOS E PARTICIPAÇÕES S.A.;027090;DF Individual - Demonstração do Fluxo de Caixa (Método Direto);REAL;MIL;PENÚLTIMO;2020-01-01;2020-12-31;6.01.02;Resultado de equivalência patrimonial;-1217546.0000000000;N
02.600.854/0001-34;2021-12-31;1;TIM BRASIL SERVIÇOS E PARTICIPAÇÕES S.A.;027090;DF Individual - Demonstração do Fluxo de Caixa (Método Direto);REAL;MIL;ÚLTIMO;2021-01-01;2021-12-31;6.01.02;Resultado de equivalência patrimonial;-1969408.0000000000;N
02.600.854/0001-34;2021-12-31;1;TIM BRASIL SERVIÇOS E PARTICIPAÇÕES S.A.;027090;DF Individual - Demonstração do Fluxo de Caixa (Método Direto);REAL;MIL;PENÚLTIMO;2020-01-01;2020-12-31;6.01.03;Provisão para processos administrativos e judiciais;0.0000000000;N
02.600.854/0001-34;2021-12-31;1;TIM BRASIL SERVIÇOS E PARTICIPAÇÕES S.A.;027090;DF Individual - Demonstração do Fluxo de Caixa (Método Direto);REAL;MIL;ÚLTIMO;2021-01-01;2021-12-31;6.01.03;Provisão para processos administrativos e judiciais;0.0000000000;N
02.600.854/0001-34;2021-12-31;1;TIM BRASIL SERVIÇOS E PARTICIPAÇÕES S.A.;027090;DF Individual - Demonstração do Fluxo de Caixa (Método Direto);REAL;MIL;PENÚLTIMO;2020-01-01;2020-12-31;6.01.04;Atualização monetária sobre depósitos e processos administrativos e judiciais;-37.0000000000;N
02.600.854/0001-34;2021-12-31;1;TIM BRASIL SERVIÇOS E PARTICIPAÇÕES S.A.;027090;DF Individual - Demonstração do Fluxo de Caixa (Método Direto);REAL;MIL;ÚLTIMO;2021-01-01;2021-12-31;6.01.04;Atualização monetária sobre depósitos e processos administrativos e judiciais;-174.0000000000;N
02.600.854/0001-34;2021-12-31;1;TIM BRASIL SERVIÇOS E PARTICIPAÇÕES S.A.;027090;DF Individual - Demonstração do Fluxo de Caixa (Método Direto);REAL;MIL;PENÚLTIMO;2020-01-01;2020-12-31;6.01.05;Juros, variação monetária e cambial sobre empréstimos e outros ajustes financeiros;66422.0000000000;N
02.600.854/0001-34;2021-12-31;1;TIM BRASIL SERVIÇOS E PARTICIPAÇÕES S.A.;027090;DF Individual - Demonstração do Fluxo de Caixa (Método Direto);REAL;MIL;ÚLTIMO;2021-01-01;2021-12-31;6.01.05;Juros, variação monetária e cambial sobre empréstimos e outros ajustes financeiros;132314.0000000000;N
02.600.854/0001-34;2021-12-31;1;TIM BRASIL SERVIÇOS E PARTICIPAÇÕES S.A.;027090;DF Individual - Demonstração do Fluxo de Caixa (Método Direto);REAL;MIL;PENÚLTIMO;2020-01-01;2020-12-31;6.01.06;Impostos e contribuições a recuperar;12599.0000000000;N
02.600.854/0001-34;2021-12-31;1;TIM BRASIL SERVIÇOS E PARTICIPAÇÕES S.A.;027090;DF Individual - Demonstração do Fluxo de Caixa (Método Direto);REAL;MIL;ÚLTIMO;2021-01-01;2021-12-31;6.01.06;Impostos e contribuições a recuperar;5764.0000000000;N
02.600.854/0001-34;2021-12-31;1;TIM BRASIL SERVIÇOS E PARTICIPAÇÕES S.A.;027090;DF Individual - Demonstração do Fluxo de Caixa (Método Direto);REAL;MIL;PENÚLTIMO;2020-01-01;2020-12-31;6.01.07;Depósitos judiciais;2191.0000000000;N
02.600.854/0001-34;2021-12-31;1;TIM BRASIL SERVIÇOS E PARTICIPAÇÕES S.A.;027090;DF Individual - Demonstração do Fluxo de Caixa (Método Direto);REAL;MIL;ÚLTIMO;2021-01-01;2021-12-31;6.01.07;Depósitos judiciais;-214.0000000000;N
02.600.854/0001-34;2021-12-31;1;TIM BRASIL SERVIÇOS E PARTICIPAÇÕES S.A.;027090;DF Individual - Demonstração do Fluxo de Caixa (Método Direto);REAL;MIL;PENÚLTIMO;2020-01-01;2020-12-31;6.01.08;Outros ativos;-707.0000000000;N
02.600.854/0001-34;2021-12-31;1;TIM BRASIL SERVIÇOS E PARTICIPAÇÕES S.A.;027090;DF Individual - Demonstração do Fluxo de Caixa (Método Direto);REAL;MIL;ÚLTIMO;2021-01-01;2021-12-31;6.01.08;Outros ativos;-1133.0000000000;N
02.600.854/0001-34;2021-12-31;1;TIM BRASIL SERVIÇOS E PARTICIPAÇÕES S.A.;027090;DF Individual - Demonstração do Fluxo de Caixa (Método Direto);REAL;MIL;PENÚLTIMO;2020-01-01;2020-12-31;6.01.09;Obrigações trabalhistas;1.0000000000;N
02.600.854/0001-34;2021-12-31;1;TIM BRASIL SERVIÇOS E PARTICIPAÇÕES S.A.;027090;DF Individual - Demonstração do Fluxo de Caixa (Método Direto);REAL;MIL;ÚLTIMO;2021-01-01;2021-12-31;6.01.09;Obrigações trabalhistas;6.0000000000;N
02.600.854/0001-34;2021-12-31;1;TIM BRASIL SERVIÇOS E PARTICIPAÇÕES S.A.;027090;DF Individual - Demonstração do Fluxo de Caixa (Método Direto);REAL;MIL;PENÚLTIMO;2020-01-01;2020-12-31;6.01.10;Fornecedores;-36.0000000000;N
02.600.854/0001-34;2021-12-31;1;TIM BRASIL SERVIÇOS E PARTICIPAÇÕES S.A.;027090;DF Individual - Demonstração do Fluxo de Caixa (Método Direto);REAL;MIL;ÚLTIMO;2021-01-01;2021-12-31;6.01.10;Fornecedores;320.0000000000;N
02.600.854/0001-34;2021-12-31;1;TIM BRASIL SERVIÇOS E PARTICIPAÇÕES S.A.;027090;DF Individual - Demonstração do Fluxo de Caixa (Método Direto);REAL;MIL;PENÚLTIMO;2020-01-01;2020-12-31;6.01.11;Impostos, taxas e contribuições;136571.0000000000;N
02.600.854/0001-34;2021-12-31;1;TIM BRASIL SERVIÇOS E PARTICIPAÇÕES S.A.;027090;DF Individual - Demonstração do Fluxo de Caixa (Método Direto);REAL;MIL;ÚLTIMO;2021-01-01;2021-12-31;6.01.11;Impostos, taxas e contribuições;91706.0000000000;N
02.600.854/0001-34;2021-12-31;1;TIM BRASIL SERVIÇOS E PARTICIPAÇÕES S.A.;027090;DF Individual - Demonstração do Fluxo de Caixa (Método Direto);REAL;MIL;PENÚLTIMO;2020-01-01;2020-12-31;6.01.12;Outros passivos;-65766.0000000000;N
02.600.854/0001-34;2021-12-31;1;TIM BRASIL SERVIÇOS E PARTICIPAÇÕES S.A.;027090;DF Individual - Demonstração do Fluxo de Caixa (Método Direto);REAL;MIL;ÚLTIMO;2021-01-01;2021-12-31;6.01.12;Outros passivos;-115048.0000000000;N
02.600.854/0001-34;2021-12-31;1;TIM BRASIL SERVIÇOS E PARTICIPAÇÕES S.A.;027090;DF Individual - Demonstração do Fluxo de Caixa (Método Direto);REAL;MIL;PENÚLTIMO;2020-01-01;2020-12-31;6.02;Caixa Líquido Atividades de Investimento;656260.0000000000;S
02.600.854/0001-34;2021-12-31;1;TIM BRASIL SERVIÇOS E PARTICIPAÇÕES S.A.;027090;DF Individual - Demonstração do Fluxo de Caixa (Método Direto);REAL;MIL;ÚLTIMO;2021-01-01;2021-12-31;6.02;Caixa Líquido Atividades de Investimento;539059.0000000000;S
02.600.854/0001-34;2021-12-31;1;TIM BRASIL SERVIÇOS E PARTICIPAÇÕES S.A.;027090;DF Individual - Demonstração do Fluxo de Caixa (Método Direto);REAL;MIL;PENÚLTIMO;2020-01-01;2020-12-31;6.02.01;Títulos e valores mobiliários;18626.0000000000;N
02.600.854/0001-34;2021-12-31;1;TIM BRASIL SERVIÇOS E PARTICIPAÇÕES S.A.;027090;DF Individual - Demonstração do Fluxo de Caixa (Método Direto);REAL;MIL;ÚLTIMO;2021-01-01;2021-12-31;6.02.01;Títulos e valores mobiliários;-67185.0000000000;N
02.600.854/0001-34;2021-12-31;1;TIM BRASIL SERVIÇOS E PARTICIPAÇÕES S.A.;027090;DF Individual - Demonstração do Fluxo de Caixa (Método Direto);REAL;MIL;PENÚLTIMO;2020-01-01;2020-12-31;6.02.02;Dividendos e juros sobre capital próprio recebidos;637634.0000000000;N
02.600.854/0001-34;2021-12-31;1;TIM BRASIL SERVIÇOS E PARTICIPAÇÕES S.A.;027090;DF Individual - Demonstração do Fluxo de Caixa (Método Direto);REAL;MIL;ÚLTIMO;2021-01-01;2021-12-31;6.02.02;Dividendos e juros sobre capital próprio recebidos;606244.0000000000;N
02.600.854/0001-34;2021-12-31;1;TIM BRASIL SERVIÇOS E PARTICIPAÇÕES S.A.;027090;DF Individual - Demonstração do Fluxo de Caixa (Método Direto);REAL;MIL;PENÚLTIMO;2020-01-01;2020-12-31;6.03;Caixa Líquido Atividades de Financiamento;-682015.0000000000;S
02.600.854/0001-34;2021-12-31;1;TIM BRASIL SERVIÇOS E PARTICIPAÇÕES S.A.;027090;DF Individual - Demonstração do Fluxo de Caixa (Método Direto);REAL;MIL;ÚLTIMO;2021-01-01;2021-12-31;6.03;Caixa Líquido Atividades de Financiamento;-637732.0000000000;S
02.600.854/0001-34;2021-12-31;1;TIM BRASIL SERVIÇOS E PARTICIPAÇÕES S.A.;027090;DF Individual - Demonstração do Fluxo de Caixa (Método Direto);REAL;MIL;PENÚLTIMO;2020-01-01;2020-12-31;6.03.01;Dividendos e juros sobre capital próprio pagos;-682015.0000000000;N
02.600.854/0001-34;2021-12-31;1;TIM BRASIL SERVIÇOS E PARTICIPAÇÕES S.A.;027090;DF Individual - Demonstração do Fluxo de Caixa (Método Direto);REAL;MIL;ÚLTIMO;2021-01-01;2021-12-31;6.03.01;Dividendos e juros sobre capital próprio pagos;-637732.0000000000;N
02.600.854/0001-34;2021-12-31;1;TIM BRASIL SERVIÇOS E PARTICIPAÇÕES S.A.;027090;DF Individual - Demonstração do Fluxo de Caixa (Método Direto);REAL;MIL;PENÚLTIMO;2020-01-01;2020-12-31;6.04;Variação Cambial s/ Caixa e Equivalentes;0.0000000000;S
02.600.854/0001-34;2021-12-31;1;TIM BRASIL SERVIÇOS E PARTICIPAÇÕES S.A.;027090;DF Individual - Demonstração do Fluxo de Caixa (Método Direto);REAL;MIL;ÚLTIMO;2021-01-01;2021-12-31;6.04;Variação Cambial s/ Caixa e Equivalentes;0.0000000000;S
02.600.854/0001-34;2021-12-31;1;TIM BRASIL SERVIÇOS E PARTICIPAÇÕES S.A.;027090;DF Individual - Demonstração do Fluxo de Caixa (Método Direto);REAL;MIL;PENÚLTIMO;2020-01-01;2020-12-31;6.05;Aumento (Redução) de Caixa e Equivalentes;46558.0000000000;S
02.600.854/0001-34;2021-12-31;1;TIM BRASIL SERVIÇOS E PARTICIPAÇÕES S.A.;027090;DF Individual - Demonstração do Fluxo de Caixa (Método Direto);REAL;MIL;ÚLTIMO;2021-01-01;2021-12-31;6.05;Aumento (Redução) de Caixa e Equivalentes;-46558.0000000000;S
02.600.854/0001-34;2021-12-31;1;TIM BRASIL SERVIÇOS E PARTICIPAÇÕES S.A.;027090;DF Individual - Demonstração do Fluxo de Caixa (Método Direto);REAL;MIL;PENÚLTIMO;2020-01-01;2020-12-31;6.05.01;Saldo Inicial de Caixa e Equivalentes;0.0000000000;S
02.600.854/0001-34;2021-12-31;1;TIM BRASIL SERVIÇOS E PARTICIPAÇÕES S.A.;027090;DF Individual - Demonstração do Fluxo de Caixa (Método Direto);REAL;MIL;ÚLTIMO;2021-01-01;2021-12-31;6.05.01;Saldo Inicial de Caixa e Equivalentes;46558.0000000000;S
02.600.854/0001-34;2021-12-31;1;TIM BRASIL SERVIÇOS E PARTICIPAÇÕES S.A.;027090;DF Individual - Demonstração do Fluxo de Caixa (Método Direto);REAL;MIL;PENÚLTIMO;2020-01-01;2020-12-31;6.05.02;Saldo Final de Caixa e Equivalentes;46558.0000000000;S
02.600.854/0001-34;2021-12-31;1;TIM BRASIL SERVIÇOS E PARTICIPAÇÕES S.A.;027090;DF Individual - Demonstração do Fluxo de Caixa (Método Direto);REAL;MIL;ÚLTIMO;2021-01-01;2021-12-31;6.05.02;Saldo Final de Caixa e Equivalentes;0.0000000000;S
04.912.242/0001-02;2021-12-31;1;PORTUENSE FERRAGENS S/A;009717;DF Individual - Demonstração do Fluxo de Caixa (Método Direto);REAL;MIL;PENÚLTIMO;2020-01-01;2020-12-31;6.01;Caixa Líquido Atividades Operacionais;11.0000000000;S
04.912.242/0001-02;2021-12-31;1;PORTUENSE FERRAGENS S/A;009717;DF Individual - Demonstração do Fluxo de Caixa (Método Direto);REAL;MIL;ÚLTIMO;2021-01-01;2021-12-31;6.01;Caixa Líquido Atividades Operacionais;3.0000000000;S
04.912.242/0001-02;2021-12-31;1;PORTUENSE FERRAGENS S/A;009717;DF Individual - Demonstração do Fluxo de Caixa (Método Direto);REAL;MIL;PENÚLTIMO;2020-01-01;2020-12-31;6.01.02;Aluguéis de Imóveis Próprio;865.0000000000;N
04.912.242/0001-02;2021-12-31;1;PORTUENSE FERRAGENS S/A;009717;DF Individual - Demonstração do Fluxo de Caixa (Método Direto);REAL;MIL;ÚLTIMO;2021-01-01;2021-12-31;6.01.02;Aluguéis de Imóveis Próprio;1128.0000000000;N
04.912.242/0001-02;2021-12-31;1;PORTUENSE FERRAGENS S/A;009717;DF Individual - Demonstração do Fluxo de Caixa (Método Direto);REAL;MIL;PENÚLTIMO;2020-01-01;2020-12-31;6.01.03;Fornecedores;-320.0000000000;N
04.912.242/0001-02;2021-12-31;1;PORTUENSE FERRAGENS S/A;009717;DF Individual - Demonstração do Fluxo de Caixa (Método Direto);REAL;MIL;ÚLTIMO;2021-01-01;2021-12-31;6.01.03;Fornecedores;-540.0000000000;N
04.912.242/0001-02;2021-12-31;1;PORTUENSE FERRAGENS S/A;009717;DF Individual - Demonstração do Fluxo de Caixa (Método Direto);REAL;MIL;PENÚLTIMO;2020-01-01;2020-12-31;6.01.04;Salários e Encargos;-337.0000000000;N
04.912.242/0001-02;2021-12-31;1;PORTUENSE FERRAGENS S/A;009717;DF Individual - Demonstração do Fluxo de Caixa (Método Direto);REAL;MIL;ÚLTIMO;2021-01-01;2021-12-31;6.01.04;Salários e Encargos;-407.0000000000;N
04.912.242/0001-02;2021-12-31;1;PORTUENSE FERRAGENS S/A;009717;DF Individual - Demonstração do Fluxo de Caixa (Método Direto);REAL;MIL;PENÚLTIMO;2020-01-01;2020-12-31;6.01.05;Impostos e Contribuições;-111.0000000000;N
04.912.242/0001-02;2021-12-31;1;PORTUENSE FERRAGENS S/A;009717;DF Individual - Demonstração do Fluxo de Caixa (Método Direto);REAL;MIL;ÚLTIMO;2021-01-01;2021-12-31;6.01.05;Impostos e Contribuições;-132.0000000000;N
04.912.242/0001-02;2021-12-31;1;PORTUENSE FERRAGENS S/A;009717;DF Individual - Demonstração do Fluxo de Caixa (Método Direto);REAL;MIL;PENÚLTIMO;2020-01-01;2020-12-31;6.01.06;Juros;-45.0000000000;N
04.912.242/0001-02;2021-12-31;1;PORTUENSE FERRAGENS S/A;009717;DF Individual - Demonstração do Fluxo de Caixa (Método Direto);REAL;MIL;ÚLTIMO;2021-01-01;2021-12-31;6.01.06;Juros;-40.0000000000;N
04.912.242/0001-02;2021-12-31;1;PORTUENSE FERRAGENS S/A;009717;DF Individual - Demonstração do Fluxo de Caixa (Método Direto);REAL;MIL;PENÚLTIMO;2020-01-01;2020-12-31;6.01.07;Outros Pagamentos;-41.0000000000;N
04.912.242/0001-02;2021-12-31;1;PORTUENSE FERRAGENS S/A;009717;DF Individual - Demonstração do Fluxo de Caixa (Método Direto);REAL;MIL;ÚLTIMO;2021-01-01;2021-12-31;6.01.07;Outros Pagamentos;-6.0000000000;N
04.912.242/0001-02;2021-12-31;1;PORTUENSE FERRAGENS S/A;009717;DF Individual - Demonstração do Fluxo de Caixa (Método Direto);REAL;MIL;PENÚLTIMO;2020-01-01;2020-12-31;6.02;Caixa Líquido Atividades de Investimento;0.0000000000;S
04.912.242/0001-02;2021-12-31;1;PORTUENSE FERRAGENS S/A;009717;DF Individual - Demonstração do Fluxo de Caixa (Método Direto);REAL;MIL;ÚLTIMO;2021-01-01;2021-12-31;6.02;Caixa Líquido Atividades de Investimento;0.0000000000;S
04.912.242/0001-02;2021-12-31;1;PORTUENSE FERRAGENS S/A;009717;DF Individual - Demonstração do Fluxo de Caixa (Método Direto);REAL;MIL;PENÚLTIMO;2020-01-01;2020-12-31;6.03;Caixa Líquido Atividades de Financiamento;-2.0000000000;S
04.912.242/0001-02;2021-12-31;1;PORTUENSE FERRAGENS S/A;009717;DF Individual - Demonstração do Fluxo de Caixa (Método Direto);REAL;MIL;ÚLTIMO;2021-01-01;2021-12-31;6.03;Caixa Líquido Atividades de Financiamento;13.0000000000;S
04.912.242/0001-02;2021-12-31;1;PORTUENSE FERRAGENS S/A;009717;DF Individual - Demonstração do Fluxo de Caixa (Método Direto);REAL;MIL;PENÚLTIMO;2020-01-01;2020-12-31;6.03.01;Empréstimos Bancários;-2.0000000000;N
04.912.242/0001-02;2021-12-31;1;PORTUENSE FERRAGENS S/A;009717;DF Individual - Demonstração do Fluxo de Caixa (Método Direto);REAL;MIL;ÚLTIMO;2021-01-01;2021-12-31;6.03.01;Empréstimos Bancários;13.0000000000;N
04.912.242/0001-02;2021-12-31;1;PORTUENSE FERRAGENS S/A;009717;DF Individual - Demonstração do Fluxo de Caixa (Método Direto);REAL;MIL;PENÚLTIMO;2020-01-01;2020-12-31;6.04;Variação Cambial s/ Caixa e Equivalentes;0.0000000000;S
04.912.242/0001-02;2021-12-31;1;PORTUENSE FERRAGENS S/A;009717;DF Individual - Demonstração do Fluxo de Caixa (Método Direto);REAL;MIL;ÚLTIMO;2021-01-01;2021-12-31;6.04;Variação Cambial s/ Caixa e Equivalentes;0.0000000000;S
04.912.242/0001-02;2021-12-31;1;PORTUENSE FERRAGENS S/A;009717;DF Individual - Demonstração do Fluxo de Caixa (Método Direto);REAL;MIL;PENÚLTIMO;2020-01-01;2020-12-31;6.05;Aumento (Redução) de Caixa e Equivalentes;9.0000000000;S
04.912.242/0001-02;2021-12-31;1;PORTUENSE FERRAGENS S/A;009717;DF Individual - Demonstração do Fluxo de Caixa (Método Direto);REAL;MIL;ÚLTIMO;2021-01-01;2021-12-31;6.05;Aumento (Redução) de Caixa e Equivalentes;16.0000000000;S
04.912.242/0001-02;2021-12-31;1;PORTUENSE FERRAGENS S/A;009717;DF Individual - Demonstração do Fluxo de Caixa (Método Direto);REAL;MIL;PENÚLTIMO;2020-01-01;2020-12-31;6.05.01;Saldo Inicial de Caixa e Equivalentes;5.0000000000;S
04.912.242/0001-02;2021-12-31;1;PORTUENSE FERRAGENS S/A;009717;DF Individual - Demonstração do Fluxo de Caixa (Método Direto);REAL;MIL;ÚLTIMO;2021-01-01;2021-12-31;6.05.01;Saldo Inicial de Caixa e Equivalentes;14.0000000000;S
04.912.242/0001-02;2021-12-31;1;PORTUENSE FERRAGENS S/A;009717;DF Individual - Demonstração do Fluxo de Caixa (Método Direto);REAL;MIL;PENÚLTIMO;2020-01-01;2020-12-31;6.05.02;Saldo Final de Caixa e Equivalentes;14.0000000000;S
04.912.242/0001-02;2021-12-31;1;PORTUENSE FERRAGENS S/A;009717;DF Individual - Demonstração do Fluxo de Caixa (Método Direto);REAL;MIL;ÚLTIMO;2021-01-01;2021-12-31;6.05.02;Saldo Final de Caixa e Equivalentes;30.0000000000;S
07.437.016/0001-05;2021-12-31;2;CINESYSTEM S.A.;023965;DF Individual - Demonstração do Fluxo de Caixa (Método Direto);REAL;MIL;PENÚLTIMO;2020-01-01;2020-12-31;6.01;Caixa Líquido Atividades Operacionais;-5085.0000000000;S
07.437.016/0001-05;2021-12-31;2;CINESYSTEM S.A.;023965;DF Individual - Demonstração do Fluxo de Caixa (Método Direto);REAL;MIL;ÚLTIMO;2021-01-01;2021-12-31;6.01;Caixa Líquido Atividades Operacionais;-5578.0000000000;S
07.437.016/0001-05;2021-12-31;2;CINESYSTEM S.A.;023965;DF Individual - Demonstração do Fluxo de Caixa (Método Direto);REAL;MIL;PENÚLTIMO;2020-01-01;2020-12-31;6.01.01;Lucro líquido (Prejuízo) do exercício;-44628.0000000000;N
07.437.016/0001-05;2021-12-31;2;CINESYSTEM S.A.;023965;DF Individual - Demonstração do Fluxo de Caixa (Método Direto);REAL;MIL;ÚLTIMO;2021-01-01;2021-12-31;6.01.01;Lucro líquido (Prejuízo) do exercício;-27950.0000000000;N
07.437.016/0001-05;2021-12-31;2;CINESYSTEM S.A.;023965;DF Individual - Demonstração do Fluxo de Caixa (Método Direto);REAL;MIL;PENÚLTIMO;2020-01-01;2020-12-31;6.01.02;Depreciação;115.0000000000;N
07.437.016/0001-05;2021-12-31;2;CINESYSTEM S.A.;023965;DF Individual - Demonstração do Fluxo de Caixa (Método Direto);REAL;MIL;ÚLTIMO;2021-01-01;2021-12-31;6.01.02;Depreciação;122.0000000000;N
07.437.016/0001-05;2021-12-31;2;CINESYSTEM S.A.;023965;DF Individual - Demonstração do Fluxo de Caixa (Método Direto);REAL;MIL;PENÚLTIMO;2020-01-01;2020-12-31;6.01.03;Amortização;120.0000000000;N
07.437.016/0001-05;2021-12-31;2;CINESYSTEM S.A.;023965;DF Individual - Demonstração do Fluxo de Caixa (Método Direto);REAL;MIL;ÚLTIMO;2021-01-01;2021-12-31;6.01.03;Amortização;170.0000000000;N
07.437.016/0001-05;2021-12-31;2;CINESYSTEM S.A.;023965;DF Individual - Demonstração do Fluxo de Caixa (Método Direto);REAL;MIL;PENÚLTIMO;2020-01-01;2020-12-31;6.01.04;Juros sobre empréstimos e financiamentos;697.0000000000;N
07.437.016/0001-05;2021-12-31;2;CINESYSTEM S.A.;023965;DF Individual - Demonstração do Fluxo de Caixa (Método Direto);REAL;MIL;ÚLTIMO;2021-01-01;2021-12-31;6.01.04;Juros sobre empréstimos e financiamentos;886.0000000000;N
07.437.016/0001-05;2021-12-31;2;CINESYSTEM S.A.;023965;DF Individual - Demonstração do Fluxo de Caixa (Método Direto);REAL;MIL;PENÚLTIMO;2020-01-01;2020-12-31;6.01.05;Valor residual alienação do ativo imob. e intangível e Resultado Líquido a valor presente;6.0000000000;N
07.437.016/0001-05;2021-12-31;2;CINESYSTEM S.A.;023965;DF Individual - Demonstração do Fluxo de Caixa (Método Direto);REAL;MIL;ÚLTIMO;2021-01-01;2021-12-31;6.01.05;Valor residual alienação do ativo imob. e intangível e Resultado Líquido a valor presente;47.0000000000;N
07.437.016/0001-05;2021-12-31;2;CINESYSTEM S.A.;023965;DF Individual - Demonstração do Fluxo de Caixa (Método Direto);REAL;MIL;PENÚLTIMO;2020-01-01;2020-12-31;6.01.06;Provisão para contingências;29.0000000000;N
07.437.016/0001-05;2021-12-31;2;CINESYSTEM S.A.;023965;DF Individual - Demonstração do Fluxo de Caixa (Método Direto);REAL;MIL;ÚLTIMO;2021-01-01;2021-12-31;6.01.06;Provisão para contingências;45.0000000000;N
07.437.016/0001-05;2021-12-31;2;CINESYSTEM S.A.;023965;DF Individual - Demonstração do Fluxo de Caixa (Método Direto);REAL;MIL;PENÚLTIMO;2020-01-01;2020-12-31;6.01.07;Resultado de equivalência patrimonial;37187.0000000000;N
07.437.016/0001-05;2021-12-31;2;CINESYSTEM S.A.;023965;DF Individual - Demonstração do Fluxo de Caixa (Método Direto);REAL;MIL;ÚLTIMO;2021-01-01;2021-12-31;6.01.07;Resultado de equivalência patrimonial;22612.0000000000;N
07.437.016/0001-05;2021-12-31;2;CINESYSTEM S.A.;023965;DF Individual - Demonstração do Fluxo de Caixa (Método Direto);REAL;MIL;PENÚLTIMO;2020-01-01;2020-12-31;6.01.08;Perdas com crédito de liq. duvidosa;185.0000000000;N
07.437.016/0001-05;2021-12-31;2;CINESYSTEM S.A.;023965;DF Individual - Demonstração do Fluxo de Caixa (Método Direto);REAL;MIL;ÚLTIMO;2021-01-01;2021-12-31;6.01.08;Perdas com crédito de liq. duvidosa;-15.0000000000;N
07.437.016/0001-05;2021-12-31;2;CINESYSTEM S.A.;023965;DF Individual - Demonstração do Fluxo de Caixa (Método Direto);REAL;MIL;PENÚLTIMO;2020-01-01;2020-12-31;6.01.09;Imposto de renda e contribuição social diferidos;1044.0000000000;N
07.437.016/0001-05;2021-12-31;2;CINESYSTEM S.A.;023965;DF Individual - Demonstração do Fluxo de Caixa (Método Direto);REAL;MIL;ÚLTIMO;2021-01-01;2021-12-31;6.01.09;Imposto de renda e contribuição social diferidos;-6.0000000000;N
07.437.016/0001-05;2021-12-31;2;CINESYSTEM S.A.;023965;DF Individual - Demonstração do Fluxo de Caixa (Método Direto);REAL;MIL;PENÚLTIMO;2020-01-01;2020-12-31;6.01.10;Aplicações financeiras;1204.0000000000;N
07.437.016/0001-05;2021-12-31;2;CINESYSTEM S.A.;023965;DF Individual - Demonstração do Fluxo de Caixa (Método Direto);REAL;MIL;ÚLTIMO;2021-01-01;2021-12-31;6.01.10;Aplicações financeiras;0.0000000000;N
07.437.016/0001-05;2021-12-31;2;CINESYSTEM S.A.;023965;DF Individual - Demonstração do Fluxo de Caixa (Método Direto);REAL;MIL;PENÚLTIMO;2020-01-01;2020-12-31;6.01.11;Contas a receber de clientes;227.0000000000;N
07.437.016/0001-05;2021-12-31;2;CINESYSTEM S.A.;023965;DF Individual - Demonstração do Fluxo de Caixa (Método Direto);REAL;MIL;ÚLTIMO;2021-01-01;2021-12-31;6.01.11;Contas a receber de clientes;-1510.0000000000;N
07.437.016/0001-05;2021-12-31;2;CINESYSTEM S.A.;023965;DF Individual - Demonstração do Fluxo de Caixa (Método Direto);REAL;MIL;PENÚLTIMO;2020-01-01;2020-12-31;6.01.12;Estoques;0.0000000000;N
07.437.016/0001-05;2021-12-31;2;CINESYSTEM S.A.;023965;DF Individual - Demonstração do Fluxo de Caixa (Método Direto);REAL;MIL;ÚLTIMO;2021-01-01;2021-12-31;6.01.12;Estoques;0.0000000000;N
07.437.016/0001-05;2021-12-31;2;CINESYSTEM S.A.;023965;DF Individual - Demonstração do Fluxo de Caixa (Método Direto);REAL;MIL;PENÚLTIMO;2020-01-01;2020-12-31;6.01.13;Impostos a recuperar;-5.0000000000;N
07.437.016/0001-05;2021-12-31;2;CINESYSTEM S.A.;023965;DF Individual - Demonstração do Fluxo de Caixa (Método Direto);REAL;MIL;ÚLTIMO;2021-01-01;2021-12-31;6.01.13;Impostos a recuperar;37.0000000000;N
07.437.016/0001-05;2021-12-31;2;CINESYSTEM S.A.;023965;DF Individual - Demonstração do Fluxo de Caixa (Método Direto);REAL;MIL;PENÚLTIMO;2020-01-01;2020-12-31;6.01.14;Adiantamentos a fornecedores e funcionários;0.0000000000;N
07.437.016/0001-05;2021-12-31;2;CINESYSTEM S.A.;023965;DF Individual - Demonstração do Fluxo de Caixa (Método Direto);REAL;MIL;ÚLTIMO;2021-01-01;2021-12-31;6.01.14;Adiantamentos a fornecedores e funcionários;0.0000000000;N
07.437.016/0001-05;2021-12-31;2;CINESYSTEM S.A.;023965;DF Individual - Demonstração do Fluxo de Caixa (Método Direto);REAL;MIL;PENÚLTIMO;2020-01-01;2020-12-31;6.01.15;Outros créditos;-78.0000000000;N
07.437.016/0001-05;2021-12-31;2;CINESYSTEM S.A.;023965;DF Individual - Demonstração do Fluxo de Caixa (Método Direto);REAL;MIL;ÚLTIMO;2021-01-01;2021-12-31;6.01.15;Outros créditos;270.0000000000;N
07.437.016/0001-05;2021-12-31;2;CINESYSTEM S.A.;023965;DF Individual - Demonstração do Fluxo de Caixa (Método Direto);REAL;MIL;PENÚLTIMO;2020-01-01;2020-12-31;6.01.16;Despesas antecipadas;10.0000000000;N
07.437.016/0001-05;2021-12-31;2;CINESYSTEM S.A.;023965;DF Individual - Demonstração do Fluxo de Caixa (Método Direto);REAL;MIL;ÚLTIMO;2021-01-01;2021-12-31;6.01.16;Despesas antecipadas;39.0000000000;N
07.437.016/0001-05;2021-12-31;2;CINESYSTEM S.A.;023965;DF Individual - Demonstração do Fluxo de Caixa (Método Direto);REAL;MIL;PENÚLTIMO;2020-01-01;2020-12-31;6.01.17;Fornecedores e outras obrigações;-68.0000000000;N
07.437.016/0001-05;2021-12-31;2;CINESYSTEM S.A.;023965;DF Individual - Demonstração do Fluxo de Caixa (Método Direto);REAL;MIL;ÚLTIMO;2021-01-01;2021-12-31;6.01.17;Fornecedores e outras obrigações;-191.0000000000;N
07.437.016/0001-05;2021-12-31;2;CINESYSTEM S.A.;023965;DF Individual - Demonstração do Fluxo de Caixa (Método Direto);REAL;MIL;PENÚLTIMO;2020-01-01;2020-12-31;6.01.18;Obrigações tributárias e sociais, impostos parcelados;-433.0000000000;N
07.437.016/0001-05;2021-12-31;2;CINESYSTEM S.A.;023965;DF Individual - Demonstração do Fluxo de Caixa (Método Direto);REAL;MIL;ÚLTIMO;2021-01-01;2021-12-31;6.01.18;Obrigações tributárias e sociais, impostos parcelados;752.0000000000;N
07.437.016/0001-05;2021-12-31;2;CINESYSTEM S.A.;023965;DF Individual - Demonstração do Fluxo de Caixa (Método Direto);REAL;MIL;PENÚLTIMO;2020-01-01;2020-12-31;6.01.19;Juros pagos;-697.0000000000;N
07.437.016/0001-05;2021-12-31;2;CINESYSTEM S.A.;023965;DF Individual - Demonstração do Fluxo de Caixa (Método Direto);REAL;MIL;ÚLTIMO;2021-01-01;2021-12-31;6.01.19;Juros pagos;-886.0000000000;N
07.437.016/0001-05;2021-12-31;2;CINESYSTEM S.A.;023965;DF Individual - Demonstração do Fluxo de Caixa (Método Direto);REAL;MIL;PENÚLTIMO;2020-01-01;2020-12-31;6.01.20;Impostos pagos sobre o lucro;0.0000000000;N
07.437.016/0001-05;2021-12-31;2;CINESYSTEM S.A.;023965;DF Individual - Demonstração do Fluxo de Caixa (Método Direto);REAL;MIL;ÚLTIMO;2021-01-01;2021-12-31;6.01.20;Impostos pagos sobre o lucro;0.0000000000;N
07.437.016/0001-05;2021-12-31;2;CINESYSTEM S.A.;023965;DF Individual - Demonstração do Fluxo de Caixa (Método Direto);REAL;MIL;PENÚLTIMO;2020-01-01;2020-12-31;6.02;Caixa Líquido Atividades de Investimento;-318.0000000000;S
07.437.016/0001-05;2021-12-31;2;CINESYSTEM S.A.;023965;DF Individual - Demonstração do Fluxo de Caixa (Método Direto);REAL;MIL;ÚLTIMO;2021-01-01;2021-12-31;6.02;Caixa Líquido Atividades de Investimento;-72.0000000000;S
07.437.016/0001-05;2021-12-31;2;CINESYSTEM S.A.;023965;DF Individual - Demonstração do Fluxo de Caixa (Método Direto);REAL;MIL;PENÚLTIMO;2020-01-01;2020-12-31;6.02.01;Aquisição de ativo imobilizado e intangível;-318.0000000000;N
07.437.016/0001-05;2021-12-31;2;CINESYSTEM S.A.;023965;DF Individual - Demonstração do Fluxo de Caixa (Método Direto);REAL;MIL;ÚLTIMO;2021-01-01;2021-12-31;6.02.01;Aquisição de ativo imobilizado e intangível;-92.0000000000;N
07.437.016/0001-05;2021-12-31;2;CINESYSTEM S.A.;023965;DF Individual - Demonstração do Fluxo de Caixa (Método Direto);REAL;MIL;PENÚLTIMO;2020-01-01;2020-12-31;6.02.02;Aumento de capital social;0.0000000000;N
07.437.016/0001-05;2021-12-31;2;CINESYSTEM S.A.;023965;DF Individual - Demonstração do Fluxo de Caixa (Método Direto);REAL;MIL;ÚLTIMO;2021-01-01;2021-12-31;6.02.02;Aumento de capital social;0.0000000000;N
07.437.016/0001-05;2021-12-31;2;CINESYSTEM S.A.;023965;DF Individual - Demonstração do Fluxo de Caixa (Método Direto);REAL;MIL;PENÚLTIMO;2020-01-01;2020-12-31;6.02.03;Dividendos recebidos;0.0000000000;N
07.437.016/0001-05;2021-12-31;2;CINESYSTEM S.A.;023965;DF Individual - Demonstração do Fluxo de Caixa (Método Direto);REAL;MIL;ÚLTIMO;2021-01-01;2021-12-31;6.02.03;Dividendos recebidos;0.0000000000;N
07.437.016/0001-05;2021-12-31;2;CINESYSTEM S.A.;023965;DF Individual - Demonstração do Fluxo de Caixa (Método Direto);REAL;MIL;PENÚLTIMO;2020-01-01;2020-12-31;6.02.04;Aumento de capital em controladas;0.0000000000;N
07.437.016/0001-05;2021-12-31;2;CINESYSTEM S.A.;023965;DF Individual - Demonstração do Fluxo de Caixa (Método Direto);REAL;MIL;ÚLTIMO;2021-01-01;2021-12-31;6.02.04;Aumento de capital em controladas;0.0000000000;N
07.437.016/0001-05;2021-12-31;2;CINESYSTEM S.A.;023965;DF Individual - Demonstração do Fluxo de Caixa (Método Direto);REAL;MIL;PENÚLTIMO;2020-01-01;2020-12-31;6.02.05;Investimento cisão Rio;0.0000000000;N
07.437.016/0001-05;2021-12-31;2;CINESYSTEM S.A.;023965;DF Individual - Demonstração do Fluxo de Caixa (Método Direto);REAL;MIL;ÚLTIMO;2021-01-01;2021-12-31;6.02.05;Investimento cisão Rio;20.0000000000;N
07.437.016/0001-05;2021-12-31;2;CINESYSTEM S.A.;023965;DF Individual - Demonstração do Fluxo de Caixa (Método Direto);REAL;MIL;PENÚLTIMO;2020-01-01;2020-12-31;6.02.06;Investimento reflexo;0.0000000000;N
07.437.016/0001-05;2021-12-31;2;CINESYSTEM S.A.;023965;DF Individual - Demonstração do Fluxo de Caixa (Método Direto);REAL;MIL;ÚLTIMO;2021-01-01;2021-12-31;6.02.06;Investimento reflexo;0.0000000000;N
07.437.016/0001-05;2021-12-31;2;CINESYSTEM S.A.;023965;DF Individual - Demonstração do Fluxo de Caixa (Método Direto);REAL;MIL;PENÚLTIMO;2020-01-01;2020-12-31;6.02.07;Recebimento na venda de ativo imobilizado;0.0000000000;N
07.437.016/0001-05;2021-12-31;2;CINESYSTEM S.A.;023965;DF Individual - Demonstração do Fluxo de Caixa (Método Direto);REAL;MIL;ÚLTIMO;2021-01-01;2021-12-31;6.02.07;Recebimento na venda de ativo imobilizado;0.0000000000;N
07.437.016/0001-05;2021-12-31;2;CINESYSTEM S.A.;023965;DF Individual - Demonstração do Fluxo de Caixa (Método Direto);REAL;MIL;PENÚLTIMO;2020-01-01;2020-12-31;6.03;Caixa Líquido Atividades de Financiamento;2344.0000000000;S
07.437.016/0001-05;2021-12-31;2;CINESYSTEM S.A.;023965;DF Individual - Demonstração do Fluxo de Caixa (Método Direto);REAL;MIL;ÚLTIMO;2021-01-01;2021-12-31;6.03;Caixa Líquido Atividades de Financiamento;5638.0000000000;S
07.437.016/0001-05;2021-12-31;2;CINESYSTEM S.A.;023965;DF Individual - Demonstração do Fluxo de Caixa (Método Direto);REAL;MIL;PENÚLTIMO;2020-01-01;2020-12-31;6.03.01;Aporte de capital de acionistas;0.0000000000;N
07.437.016/0001-05;2021-12-31;2;CINESYSTEM S.A.;023965;DF Individual - Demonstração do Fluxo de Caixa (Método Direto);REAL;MIL;ÚLTIMO;2021-01-01;2021-12-31;6.03.01;Aporte de capital de acionistas;0.0000000000;N
07.437.016/0001-05;2021-12-31;2;CINESYSTEM S.A.;023965;DF Individual - Demonstração do Fluxo de Caixa (Método Direto);REAL;MIL;PENÚLTIMO;2020-01-01;2020-12-31;6.03.02;Outras transações de capital;0.0000000000;N
07.437.016/0001-05;2021-12-31;2;CINESYSTEM S.A.;023965;DF Individual - Demonstração do Fluxo de Caixa (Método Direto);REAL;MIL;ÚLTIMO;2021-01-01;2021-12-31;6.03.02;Outras transações de capital;0.0000000000;N
07.437.016/0001-05;2021-12-31;2;CINESYSTEM S.A.;023965;DF Individual - Demonstração do Fluxo de Caixa (Método Direto);REAL;MIL;PENÚLTIMO;2020-01-01;2020-12-31;6.03.03;Contratação de empréstimos e financiamentos;15121.0000000000;N
07.437.016/0001-05;2021-12-31;2;CINESYSTEM S.A.;023965;DF Individual - Demonstração do Fluxo de Caixa (Método Direto);REAL;MIL;ÚLTIMO;2021-01-01;2021-12-31;6.03.03;Contratação de empréstimos e financiamentos;233.0000000000;N
07.437.016/0001-05;2021-12-31;2;CINESYSTEM S.A.;023965;DF Individual - Demonstração do Fluxo de Caixa (Método Direto);REAL;MIL;PENÚLTIMO;2020-01-01;2020-12-31;6.03.04;Pagamento de empréstimos e financiamentos;-13666.0000000000;N
07.437.016/0001-05;2021-12-31;2;CINESYSTEM S.A.;023965;DF Individual - Demonstração do Fluxo de Caixa (Método Direto);REAL;MIL;ÚLTIMO;2021-01-01;2021-12-31;6.03.04;Pagamento de empréstimos e financiamentos;-1045.0000000000;N
07.437.016/0001-05;2021-12-31;2;CINESYSTEM S.A.;023965;DF Individual - Demonstração do Fluxo de Caixa (Método Direto);REAL;MIL;PENÚLTIMO;2020-01-01;2020-12-31;6.03.05;Dividendos pagos;-41.0000000000;N
07.437.016/0001-05;2021-12-31;2;CINESYSTEM S.A.;023965;DF Individual - Demonstração do Fluxo de Caixa (Método Direto);REAL;MIL;ÚLTIMO;2021-01-01;2021-12-31;6.03.05;Dividendos pagos;-107.0000000000;N
07.437.016/0001-05;2021-12-31;2;CINESYSTEM S.A.;023965;DF Individual - Demonstração do Fluxo de Caixa (Método Direto);REAL;MIL;PENÚLTIMO;2020-01-01;2020-12-31;6.03.06;Entrada de Recursos Partes Relacionadas;17891.0000000000;N
07.437.016/0001-05;2021-12-31;2;CINESYSTEM S.A.;023965;DF Individual - Demonstração do Fluxo de Caixa (Método Direto);REAL;MIL;ÚLTIMO;2021-01-01;2021-12-31;6.03.06;Entrada de Recursos Partes Relacionadas;26489.0000000000;N
07.437.016/0001-05;2021-12-31;2;CINESYSTEM S.A.;023965;DF Individual - Demonstração do Fluxo de Caixa (Método Direto);REAL;MIL;PENÚLTIMO;2020-01-01;2020-12-31;6.03.07;Saídas de Recursos Partes Relacionadas;-16961.0000000000;N
07.437.016/0001-05;2021-12-31;2;CINESYSTEM S.A.;023965;DF Individual - Demonstração do Fluxo de Caixa (Método Direto);REAL;MIL;ÚLTIMO;2021-01-01;2021-12-31;6.03.07;Saídas de Recursos Partes Relacionadas;-19932.0000000000;N
07.437.016/0001-05;2021-12-31;2;CINESYSTEM S.A.;023965;DF Individual - Demonstração do Fluxo de Caixa (Método Direto);REAL;MIL;PENÚLTIMO;2020-01-01;2020-12-31;6.04;Variação Cambial s/ Caixa e Equivalentes;0.0000000000;S
07.437.016/0001-05;2021-12-31;2;CINESYSTEM S.A.;023965;DF Individual - Demonstração do Fluxo de Caixa (Método Direto);REAL;MIL;ÚLTIMO;2021-01-01;2021-12-31;6.04;Variação Cambial s/ Caixa e Equivalentes;0.0000000000;S
07.437.016/0001-05;2021-12-31;2;CINESYSTEM S.A.;023965;DF Individual - Demonstração do Fluxo de Caixa (Método Direto);REAL;MIL;PENÚLTIMO;2020-01-01;2020-12-31;6.05;Aumento (Redução) de Caixa e Equivalentes;-3059.0000000000;S
07.437.016/0001-05;2021-12-31;2;CINESYSTEM S.A.;023965;DF Individual - Demonstração do Fluxo de Caixa (Método Direto);REAL;MIL;ÚLTIMO;2021-01-01;2021-12-31;6.05;Aumento (Redução) de Caixa e Equivalentes;-12.0000000000;S
07.437.016/0001-05;2021-12-31;2;CINESYSTEM S.A.;023965;DF Individual - Demonstração do Fluxo de Caixa (Método Direto);REAL;MIL;PENÚLTIMO;2020-01-01;2020-12-31;6.05.01;Saldo Inicial de Caixa e Equivalentes;3083.0000000000;S
07.437.016/0001-05;2021-12-31;2;CINESYSTEM S.A.;023965;DF Individual - Demonstração do Fluxo de Caixa (Método Direto);REAL;MIL;ÚLTIMO;2021-01-01;2021-12-31;6.05.01;Saldo Inicial de Caixa e Equivalentes;24.0000000000;S
07.437.016/0001-05;2021-12-31;2;CINESYSTEM S.A.;023965;DF Individual - Demonstração do Fluxo de Caixa (Método Direto);REAL;MIL;PENÚLTIMO;2020-01-01;2020-12-31;6.05.02;Saldo Final de Caixa e Equivalentes;24.0000000000;S
07.437.016/0001-05;2021-12-31;2;CINESYSTEM S.A.;023965;DF Individual - Demonstração do Fluxo de Caixa (Método Direto);REAL;MIL;ÚLTIMO;2021-01-01;2021-12-31;6.05.02;Saldo Final de Caixa e Equivalentes;12.0000000000;S
08.213.823/0001-07;2021-12-31;1;AURA ALMAS MINERAÇÃO S.A.;026590;DF Individual - Demonstração do Fluxo de Caixa (Método Direto);REAL;MIL;PENÚLTIMO;2020-01-01;2020-12-31;6.01;Caixa Líquido Atividades Operacionais;-4804.0000000000;S
08.213.823/0001-07;2021-12-31;1;AURA ALMAS MINERAÇÃO S.A.;026590;DF Individual - Demonstração do Fluxo de Caixa (Método Direto);REAL;MIL;ÚLTIMO;2021-01-01;2021-12-31;6.01;Caixa Líquido Atividades Operacionais;22295.0000000000;S
08.213.823/0001-07;2021-12-31;1;AURA ALMAS MINERAÇÃO S.A.;026590;DF Individual - Demonstração do Fluxo de Caixa (Método Direto);REAL;MIL;PENÚLTIMO;2020-01-01;2020-12-31;6.01.01;Prejuízo do período;-4350.0000000000;N
08.213.823/0001-07;2021-12-31;1;AURA ALMAS MINERAÇÃO S.A.;026590;DF Individual - Demonstração do Fluxo de Caixa (Método Direto);REAL;MIL;ÚLTIMO;2021-01-01;2021-12-31;6.01.01;Prejuízo do período;18018.0000000000;N
08.213.823/0001-07;2021-12-31;1;AURA ALMAS MINERAÇÃO S.A.;026590;DF Individual - Demonstração do Fluxo de Caixa (Método Direto);REAL;MIL;PENÚLTIMO;2020-01-01;2020-12-31;6.01.02;Ajustes de depreciação;65.0000000000;N
08.213.823/0001-07;2021-12-31;1;AURA ALMAS MINERAÇÃO S.A.;026590;DF Individual - Demonstração do Fluxo de Caixa (Método Direto);REAL;MIL;ÚLTIMO;2021-01-01;2021-12-31;6.01.02;Ajustes de depreciação;272.0000000000;N
08.213.823/0001-07;2021-12-31;1;AURA ALMAS MINERAÇÃO S.A.;026590;DF Individual - Demonstração do Fluxo de Caixa (Método Direto);REAL;MIL;PENÚLTIMO;2020-01-01;2020-12-31;6.01.03;Variações nas contas a receber e outros créditos;32.0000000000;N
08.213.823/0001-07;2021-12-31;1;AURA ALMAS MINERAÇÃO S.A.;026590;DF Individual - Demonstração do Fluxo de Caixa (Método Direto);REAL;MIL;ÚLTIMO;2021-01-01;2021-12-31;6.01.03;Variações nas contas a receber e outros créditos;-5910.0000000000;N
08.213.823/0001-07;2021-12-31;1;AURA ALMAS MINERAÇÃO S.A.;026590;DF Individual - Demonstração do Fluxo de Caixa (Método Direto);REAL;MIL;PENÚLTIMO;2020-01-01;2020-12-31;6.01.04;Variações nos fornecedores e outras contas a pagar;-551.0000000000;N
08.213.823/0001-07;2021-12-31;1;AURA ALMAS MINERAÇÃO S.A.;026590;DF Individual - Demonstração do Fluxo de Caixa (Método Direto);REAL;MIL;ÚLTIMO;2021-01-01;2021-12-31;6.01.04;Variações nos fornecedores e outras contas a pagar;2998.0000000000;N
08.213.823/0001-07;2021-12-31;1;AURA ALMAS MINERAÇÃO S.A.;026590;DF Individual - Demonstração do Fluxo de Caixa (Método Direto);REAL;MIL;PENÚLTIMO;2020-01-01;2020-12-31;6.01.05;Juros sobre debêntures;0.0000000000;N
08.213.823/0001-07;2021-12-31;1;AURA ALMAS MINERAÇÃO S.A.;026590;DF Individual - Demonstração do Fluxo de Caixa (Método Direto);REAL;MIL;ÚLTIMO;2021-01-01;2021-12-31;6.01.05;Juros sobre debêntures;11275.0000000000;N
08.213.823/0001-07;2021-12-31;1;AURA ALMAS MINERAÇÃO S.A.;026590;DF Individual - Demonstração do Fluxo de Caixa (Método Direto);REAL;MIL;PENÚLTIMO;2020-01-01;2020-12-31;6.01.06;Apropriação custos de captação de debêntures;0.0000000000;N
08.213.823/0001-07;2021-12-31;1;AURA ALMAS MINERAÇÃO S.A.;026590;DF Individual - Demonstração do Fluxo de Caixa (Método Direto);REAL;MIL;ÚLTIMO;2021-01-01;2021-12-31;6.01.06;Apropriação custos de captação de debêntures;475.0000000000;N
08.213.823/0001-07;2021-12-31;1;AURA ALMAS MINERAÇÃO S.A.;026590;DF Individual - Demonstração do Fluxo de Caixa (Método Direto);REAL;MIL;PENÚLTIMO;2020-01-01;2020-12-31;6.01.07;Instrumento financeiro derivativo, líquido;0.0000000000;N
08.213.823/0001-07;2021-12-31;1;AURA ALMAS MINERAÇÃO S.A.;026590;DF Individual - Demonstração do Fluxo de Caixa (Método Direto);REAL;MIL;ÚLTIMO;2021-01-01;2021-12-31;6.01.07;Instrumento financeiro derivativo, líquido;827.0000000000;N
08.213.823/0001-07;2021-12-31;1;AURA ALMAS MINERAÇÃO S.A.;026590;DF Individual - Demonstração do Fluxo de Caixa (Método Direto);REAL;MIL;PENÚLTIMO;2020-01-01;2020-12-31;6.01.08;Impostos diferidos;0.0000000000;N
08.213.823/0001-07;2021-12-31;1;AURA ALMAS MINERAÇÃO S.A.;026590;DF Individual - Demonstração do Fluxo de Caixa (Método Direto);REAL;MIL;ÚLTIMO;2021-01-01;2021-12-31;6.01.08;Impostos diferidos;-5660.0000000000;N
08.213.823/0001-07;2021-12-31;1;AURA ALMAS MINERAÇÃO S.A.;026590;DF Individual - Demonstração do Fluxo de Caixa (Método Direto);REAL;MIL;PENÚLTIMO;2020-01-01;2020-12-31;6.02;Caixa Líquido Atividades de Investimento;-6338.0000000000;S
08.213.823/0001-07;2021-12-31;1;AURA ALMAS MINERAÇÃO S.A.;026590;DF Individual - Demonstração do Fluxo de Caixa (Método Direto);REAL;MIL;ÚLTIMO;2021-01-01;2021-12-31;6.02;Caixa Líquido Atividades de Investimento;-36909.0000000000;S
08.213.823/0001-07;2021-12-31;1;AURA ALMAS MINERAÇÃO S.A.;026590;DF Individual - Demonstração do Fluxo de Caixa (Método Direto);REAL;MIL;PENÚLTIMO;2020-01-01;2020-12-31;6.02.01;Aquisição de imobilizado, líquido;-6338.0000000000;N
08.213.823/0001-07;2021-12-31;1;AURA ALMAS MINERAÇÃO S.A.;026590;DF Individual - Demonstração do Fluxo de Caixa (Método Direto);REAL;MIL;ÚLTIMO;2021-01-01;2021-12-31;6.02.01;Aquisição de imobilizado, líquido;-36909.0000000000;N
08.213.823/0001-07;2021-12-31;1;AURA ALMAS MINERAÇÃO S.A.;026590;DF Individual - Demonstração do Fluxo de Caixa (Método Direto);REAL;MIL;PENÚLTIMO;2020-01-01;2020-12-31;6.03;Caixa Líquido Atividades de Financiamento;11692.0000000000;S
08.213.823/0001-07;2021-12-31;1;AURA ALMAS MINERAÇÃO S.A.;026590;DF Individual - Demonstração do Fluxo de Caixa (Método Direto);REAL;MIL;ÚLTIMO;2021-01-01;2021-12-31;6.03;Caixa Líquido Atividades de Financiamento;410011.0000000000;S
08.213.823/0001-07;2021-12-31;1;AURA ALMAS MINERAÇÃO S.A.;026590;DF Individual - Demonstração do Fluxo de Caixa (Método Direto);REAL;MIL;PENÚLTIMO;2020-01-01;2020-12-31;6.03.01;Pagamento de empréstimos de curto prazo;0.0000000000;N
08.213.823/0001-07;2021-12-31;1;AURA ALMAS MINERAÇÃO S.A.;026590;DF Individual - Demonstração do Fluxo de Caixa (Método Direto);REAL;MIL;ÚLTIMO;2021-01-01;2021-12-31;6.03.01;Pagamento de empréstimos de curto prazo;0.0000000000;N
08.213.823/0001-07;2021-12-31;1;AURA ALMAS MINERAÇÃO S.A.;026590;DF Individual - Demonstração do Fluxo de Caixa (Método Direto);REAL;MIL;PENÚLTIMO;2020-01-01;2020-12-31;6.03.02;Aumento de capital;6266.0000000000;N
08.213.823/0001-07;2021-12-31;1;AURA ALMAS MINERAÇÃO S.A.;026590;DF Individual - Demonstração do Fluxo de Caixa (Método Direto);REAL;MIL;ÚLTIMO;2021-01-01;2021-12-31;6.03.02;Aumento de capital;0.0000000000;N
08.213.823/0001-07;2021-12-31;1;AURA ALMAS MINERAÇÃO S.A.;026590;DF Individual - Demonstração do Fluxo de Caixa (Método Direto);REAL;MIL;PENÚLTIMO;2020-01-01;2020-12-31;6.03.03;Adiantamento para futuro aumento de capital;5471.0000000000;N
08.213.823/0001-07;2021-12-31;1;AURA ALMAS MINERAÇÃO S.A.;026590;DF Individual - Demonstração do Fluxo de Caixa (Método Direto);REAL;MIL;ÚLTIMO;2021-01-01;2021-12-31;6.03.03;Adiantamento para futuro aumento de capital;0.0000000000;N
08.213.823/0001-07;2021-12-31;1;AURA ALMAS MINERAÇÃO S.A.;026590;DF Individual - Demonstração do Fluxo de Caixa (Método Direto);REAL;MIL;PENÚLTIMO;2020-01-01;2020-12-31;6.03.04;Empréstimos de partes relacionadas, líquido;-45.0000000000;N
08.213.823/0001-07;2021-12-31;1;AURA ALMAS MINERAÇÃO S.A.;026590;DF Individual - Demonstração do Fluxo de Caixa (Método Direto);REAL;MIL;ÚLTIMO;2021-01-01;2021-12-31;6.03.04;Empréstimos de partes relacionadas, líquido;18982.0000000000;N
08.213.823/0001-07;2021-12-31;1;AURA ALMAS MINERAÇÃO S.A.;026590;DF Individual - Demonstração do Fluxo de Caixa (Método Direto);REAL;MIL;PENÚLTIMO;2020-01-01;2020-12-31;6.03.05;Debêntures captadas;0.0000000000;N
08.213.823/0001-07;2021-12-31;1;AURA ALMAS MINERAÇÃO S.A.;026590;DF Individual - Demonstração do Fluxo de Caixa (Método Direto);REAL;MIL;ÚLTIMO;2021-01-01;2021-12-31;6.03.05;Debêntures captadas;391418.0000000000;N
08.213.823/0001-07;2021-12-31;1;AURA ALMAS MINERAÇÃO S.A.;026590;DF Individual - Demonstração do Fluxo de Caixa (Método Direto);REAL;MIL;PENÚLTIMO;2020-01-01;2020-12-31;6.03.06;Custos de captação debentures;0.0000000000;N
08.213.823/0001-07;2021-12-31;1;AURA ALMAS MINERAÇÃO S.A.;026590;DF Individual - Demonstração do Fluxo de Caixa (Método Direto);REAL;MIL;ÚLTIMO;2021-01-01;2021-12-31;6.03.06;Custos de captação debentures;-389.0000000000;N
08.213.823/0001-07;2021-12-31;1;AURA ALMAS MINERAÇÃO S.A.;026590;DF Individual - Demonstração do Fluxo de Caixa (Método Direto);REAL;MIL;PENÚLTIMO;2020-01-01;2020-12-31;6.04;Variação Cambial s/ Caixa e Equivalentes;98.0000000000;S
08.213.823/0001-07;2021-12-31;1;AURA ALMAS MINERAÇÃO S.A.;026590;DF Individual - Demonstração do Fluxo de Caixa (Método Direto);REAL;MIL;ÚLTIMO;2021-01-01;2021-12-31;6.04;Variação Cambial s/ Caixa e Equivalentes;2444.0000000000;S
08.213.823/0001-07;2021-12-31;1;AURA ALMAS MINERAÇÃO S.A.;026590;DF Individual - Demonstração do Fluxo de Caixa (Método Direto);REAL;MIL;PENÚLTIMO;2020-01-01;2020-12-31;6.05;Aumento (Redução) de Caixa e Equivalentes;648.0000000000;S
08.213.823/0001-07;2021-12-31;1;AURA ALMAS MINERAÇÃO S.A.;026590;DF Individual - Demonstração do Fluxo de Caixa (Método Direto);REAL;MIL;ÚLTIMO;2021-01-01;2021-12-31;6.05;Aumento (Redução) de Caixa e Equivalentes;397841.0000000000;S
08.213.823/0001-07;2021-12-31;1;AURA ALMAS MINERAÇÃO S.A.;026590;DF Individual - Demonstração do Fluxo de Caixa (Método Direto);REAL;MIL;PENÚLTIMO;2020-01-01;2020-12-31;6.05.01;Saldo Inicial de Caixa e Equivalentes;131.0000000000;S
08.213.823/0001-07;2021-12-31;1;AURA ALMAS MINERAÇÃO S.A.;026590;DF Individual - Demonstração do Fluxo de Caixa (Método Direto);REAL;MIL;ÚLTIMO;2021-01-01;2021-12-31;6.05.01;Saldo Inicial de Caixa e Equivalentes;779.0000000000;S
08.213.823/0001-07;2021-12-31;1;AURA ALMAS MINERAÇÃO S.A.;026590;DF Individual - Demonstração do Fluxo de Caixa (Método Direto);REAL;MIL;PENÚLTIMO;2020-01-01;2020-12-31;6.05.02;Saldo Final de Caixa e Equivalentes;779.0000000000;S
08.213.823/0001-07;2021-12-31;1;AURA ALMAS MINERAÇÃO S.A.;026590;DF Individual - Demonstração do Fluxo de Caixa (Método Direto);REAL;MIL;ÚLTIMO;2021-01-01;2021-12-31;6.05.02;Saldo Final de Caixa e Equivalentes;398620.0000000000;S
08.560.444/0001-93;2021-12-31;2;CIA CELG DE PARTICIPACOES - CELGPAR;021393;DF Individual - Demonstração do Fluxo de Caixa (Método Direto);REAL;MIL;PENÚLTIMO;2020-01-01;2020-12-31;6.01;Caixa Líquido Atividades Operacionais;-5405.0000000000;S
08.560.444/0001-93;2021-12-31;2;CIA CELG DE PARTICIPACOES - CELGPAR;021393;DF Individual - Demonstração do Fluxo de Caixa (Método Direto);REAL;MIL;ÚLTIMO;2021-01-01;2021-12-31;6.01;Caixa Líquido Atividades Operacionais;-8244.0000000000;S
08.560.444/0001-93;2021-12-31;2;CIA CELG DE PARTICIPACOES - CELGPAR;021393;DF Individual - Demonstração do Fluxo de Caixa (Método Direto);REAL;MIL;PENÚLTIMO;2020-01-01;2020-12-31;6.01.01;Pagamentos a fornecedores;-933.0000000000;N
08.560.444/0001-93;2021-12-31;2;CIA CELG DE PARTICIPACOES - CELGPAR;021393;DF Individual - Demonstração do Fluxo de Caixa (Método Direto);REAL;MIL;ÚLTIMO;2021-01-01;2021-12-31;6.01.01;Pagamentos a fornecedores;-4389.0000000000;N
08.560.444/0001-93;2021-12-31;2;CIA CELG DE PARTICIPACOES - CELGPAR;021393;DF Individual - Demonstração do Fluxo de Caixa (Método Direto);REAL;MIL;PENÚLTIMO;2020-01-01;2020-12-31;6.01.02;Pagamentos de salários e encargos;-4260.0000000000;N
08.560.444/0001-93;2021-12-31;2;CIA CELG DE PARTICIPACOES - CELGPAR;021393;DF Individual - Demonstração do Fluxo de Caixa (Método Direto);REAL;MIL;ÚLTIMO;2021-01-01;2021-12-31;6.01.02;Pagamentos de salários e encargos;-4567.0000000000;N
08.560.444/0001-93;2021-12-31;2;CIA CELG DE PARTICIPACOES - CELGPAR;021393;DF Individual - Demonstração do Fluxo de Caixa (Método Direto);REAL;MIL;PENÚLTIMO;2020-01-01;2020-12-31;6.01.03;Pagamentos de outras despesas operacionais e adm.;-44.0000000000;N
08.560.444/0001-93;2021-12-31;2;CIA CELG DE PARTICIPACOES - CELGPAR;021393;DF Individual - Demonstração do Fluxo de Caixa (Método Direto);REAL;MIL;ÚLTIMO;2021-01-01;2021-12-31;6.01.03;Pagamentos de outras despesas operacionais e adm.;-51.0000000000;N
08.560.444/0001-93;2021-12-31;2;CIA CELG DE PARTICIPACOES - CELGPAR;021393;DF Individual - Demonstração do Fluxo de Caixa (Método Direto);REAL;MIL;PENÚLTIMO;2020-01-01;2020-12-31;6.01.04;Pagamentos de tributos;-192.0000000000;N
08.560.444/0001-93;2021-12-31;2;CIA CELG DE PARTICIPACOES - CELGPAR;021393;DF Individual - Demonstração do Fluxo de Caixa (Método Direto);REAL;MIL;ÚLTIMO;2021-01-01;2021-12-31;6.01.04;Pagamentos de tributos;-408.0000000000;N
08.560.444/0001-93;2021-12-31;2;CIA CELG DE PARTICIPACOES - CELGPAR;021393;DF Individual - Demonstração do Fluxo de Caixa (Método Direto);REAL;MIL;PENÚLTIMO;2020-01-01;2020-12-31;6.01.05;Resultado financeiro;24.0000000000;N
08.560.444/0001-93;2021-12-31;2;CIA CELG DE PARTICIPACOES - CELGPAR;021393;DF Individual - Demonstração do Fluxo de Caixa (Método Direto);REAL;MIL;ÚLTIMO;2021-01-01;2021-12-31;6.01.05;Resultado financeiro;1067.0000000000;N
08.560.444/0001-93;2021-12-31;2;CIA CELG DE PARTICIPACOES - CELGPAR;021393;DF Individual - Demonstração do Fluxo de Caixa (Método Direto);REAL;MIL;PENÚLTIMO;2020-01-01;2020-12-31;6.01.06;Outros Recebimentos;0.0000000000;N
08.560.444/0001-93;2021-12-31;2;CIA CELG DE PARTICIPACOES - CELGPAR;021393;DF Individual - Demonstração do Fluxo de Caixa (Método Direto);REAL;MIL;ÚLTIMO;2021-01-01;2021-12-31;6.01.06;Outros Recebimentos;104.0000000000;N
08.560.444/0001-93;2021-12-31;2;CIA CELG DE PARTICIPACOES - CELGPAR;021393;DF Individual - Demonstração do Fluxo de Caixa (Método Direto);REAL;MIL;PENÚLTIMO;2020-01-01;2020-12-31;6.02;Caixa Líquido Atividades de Investimento;-8998.0000000000;S
08.560.444/0001-93;2021-12-31;2;CIA CELG DE PARTICIPACOES - CELGPAR;021393;DF Individual - Demonstração do Fluxo de Caixa (Método Direto);REAL;MIL;ÚLTIMO;2021-01-01;2021-12-31;6.02;Caixa Líquido Atividades de Investimento;46091.0000000000;S
08.560.444/0001-93;2021-12-31;2;CIA CELG DE PARTICIPACOES - CELGPAR;021393;DF Individual - Demonstração do Fluxo de Caixa (Método Direto);REAL;MIL;PENÚLTIMO;2020-01-01;2020-12-31;6.02.01;Caixa usado no imobilizado e investimentos;0.0000000000;N
08.560.444/0001-93;2021-12-31;2;CIA CELG DE PARTICIPACOES - CELGPAR;021393;DF Individual - Demonstração do Fluxo de Caixa (Método Direto);REAL;MIL;ÚLTIMO;2021-01-01;2021-12-31;6.02.01;Caixa usado no imobilizado e investimentos;0.0000000000;N
08.560.444/0001-93;2021-12-31;2;CIA CELG DE PARTICIPACOES - CELGPAR;021393;DF Individual - Demonstração do Fluxo de Caixa (Método Direto);REAL;MIL;PENÚLTIMO;2020-01-01;2020-12-31;6.02.02;Créditos e dívidas com pessoas ligadas;0.0000000000;N
08.560.444/0001-93;2021-12-31;2;CIA CELG DE PARTICIPACOES - CELGPAR;021393;DF Individual - Demonstração do Fluxo de Caixa (Método Direto);REAL;MIL;ÚLTIMO;2021-01-01;2021-12-31;6.02.02;Créditos e dívidas com pessoas ligadas;0.0000000000;N
08.560.444/0001-93;2021-12-31;2;CIA CELG DE PARTICIPACOES - CELGPAR;021393;DF Individual - Demonstração do Fluxo de Caixa (Método Direto);REAL;MIL;PENÚLTIMO;2020-01-01;2020-12-31;6.02.03;Investimentos em participações societárias;0.0000000000;N
08.560.444/0001-93;2021-12-31;2;CIA CELG DE PARTICIPACOES - CELGPAR;021393;DF Individual - Demonstração do Fluxo de Caixa (Método Direto);REAL;MIL;ÚLTIMO;2021-01-01;2021-12-31;6.02.03;Investimentos em participações societárias;0.0000000000;N
08.560.444/0001-93;2021-12-31;2;CIA CELG DE PARTICIPACOES - CELGPAR;021393;DF Individual - Demonstração do Fluxo de Caixa (Método Direto);REAL;MIL;PENÚLTIMO;2020-01-01;2020-12-31;6.02.04;Adiantamentos para Futuro Aumento de Capital;-9000.0000000000;N
08.560.444/0001-93;2021-12-31;2;CIA CELG DE PARTICIPACOES - CELGPAR;021393;DF Individual - Demonstração do Fluxo de Caixa (Método Direto);REAL;MIL;ÚLTIMO;2021-01-01;2021-12-31;6.02.04;Adiantamentos para Futuro Aumento de Capital;0.0000000000;N
08.560.444/0001-93;2021-12-31;2;CIA CELG DE PARTICIPACOES - CELGPAR;021393;DF Individual - Demonstração do Fluxo de Caixa (Método Direto);REAL;MIL;PENÚLTIMO;2020-01-01;2020-12-31;6.02.05;Integralização de Capital em Controlada;0.0000000000;N
08.560.444/0001-93;2021-12-31;2;CIA CELG DE PARTICIPACOES - CELGPAR;021393;DF Individual - Demonstração do Fluxo de Caixa (Método Direto);REAL;MIL;ÚLTIMO;2021-01-01;2021-12-31;6.02.05;Integralização de Capital em Controlada;0.0000000000;N
08.560.444/0001-93;2021-12-31;2;CIA CELG DE PARTICIPACOES - CELGPAR;021393;DF Individual - Demonstração do Fluxo de Caixa (Método Direto);REAL;MIL;PENÚLTIMO;2020-01-01;2020-12-31;6.02.06;Integralização de Capital em Coligada;0.0000000000;N
08.560.444/0001-93;2021-12-31;2;CIA CELG DE PARTICIPACOES - CELGPAR;021393;DF Individual - Demonstração do Fluxo de Caixa (Método Direto);REAL;MIL;ÚLTIMO;2021-01-01;2021-12-31;6.02.06;Integralização de Capital em Coligada;0.0000000000;N
08.560.444/0001-93;2021-12-31;2;CIA CELG DE PARTICIPACOES - CELGPAR;021393;DF Individual - Demonstração do Fluxo de Caixa (Método Direto);REAL;MIL;PENÚLTIMO;2020-01-01;2020-12-31;6.02.07;Créditos e Dívidas com Partes Relacionadas;0.0000000000;N
08.560.444/0001-93;2021-12-31;2;CIA CELG DE PARTICIPACOES - CELGPAR;021393;DF Individual - Demonstração do Fluxo de Caixa (Método Direto);REAL;MIL;ÚLTIMO;2021-01-01;2021-12-31;6.02.07;Créditos e Dívidas com Partes Relacionadas;0.0000000000;N
08.560.444/0001-93;2021-12-31;2;CIA CELG DE PARTICIPACOES - CELGPAR;021393;DF Individual - Demonstração do Fluxo de Caixa (Método Direto);REAL;MIL;PENÚLTIMO;2020-01-01;2020-12-31;6.02.08;Recebimento de Alienação de Participações Societárias;0.0000000000;N
08.560.444/0001-93;2021-12-31;2;CIA CELG DE PARTICIPACOES - CELGPAR;021393;DF Individual - Demonstração do Fluxo de Caixa (Método Direto);REAL;MIL;ÚLTIMO;2021-01-01;2021-12-31;6.02.08;Recebimento de Alienação de Participações Societárias;0.0000000000;N
08.560.444/0001-93;2021-12-31;2;CIA CELG DE PARTICIPACOES - CELGPAR;021393;DF Individual - Demonstração do Fluxo de Caixa (Método Direto);REAL;MIL;PENÚLTIMO;2020-01-01;2020-12-31;6.02.09;Devolução Adiantamentos para Futuro Aumento de Capital;0.0000000000;N
08.560.444/0001-93;2021-12-31;2;CIA CELG DE PARTICIPACOES - CELGPAR;021393;DF Individual - Demonstração do Fluxo de Caixa (Método Direto);REAL;MIL;ÚLTIMO;2021-01-01;2021-12-31;6.02.09;Devolução Adiantamentos para Futuro Aumento de Capital;0.0000000000;N
08.560.444/0001-93;2021-12-31;2;CIA CELG DE PARTICIPACOES - CELGPAR;021393;DF Individual - Demonstração do Fluxo de Caixa (Método Direto);REAL;MIL;PENÚLTIMO;2020-01-01;2020-12-31;6.02.10;Devolução de Recursos Estado de Goiás;0.0000000000;N
08.560.444/0001-93;2021-12-31;2;CIA CELG DE PARTICIPACOES - CELGPAR;021393;DF Individual - Demonstração do Fluxo de Caixa (Método Direto);REAL;MIL;ÚLTIMO;2021-01-01;2021-12-31;6.02.10;Devolução de Recursos Estado de Goiás;0.0000000000;N
08.560.444/0001-93;2021-12-31;2;CIA CELG DE PARTICIPACOES - CELGPAR;021393;DF Individual - Demonstração do Fluxo de Caixa (Método Direto);REAL;MIL;PENÚLTIMO;2020-01-01;2020-12-31;6.02.11;Restituição de Capital Acionistas;-71095.0000000000;N
08.560.444/0001-93;2021-12-31;2;CIA CELG DE PARTICIPACOES - CELGPAR;021393;DF Individual - Demonstração do Fluxo de Caixa (Método Direto);REAL;MIL;ÚLTIMO;2021-01-01;2021-12-31;6.02.11;Restituição de Capital Acionistas;0.0000000000;N
08.560.444/0001-93;2021-12-31;2;CIA CELG DE PARTICIPACOES - CELGPAR;021393;DF Individual - Demonstração do Fluxo de Caixa (Método Direto);REAL;MIL;PENÚLTIMO;2020-01-01;2020-12-31;6.02.12;Recebimento de Dividendos;71097.0000000000;N
08.560.444/0001-93;2021-12-31;2;CIA CELG DE PARTICIPACOES - CELGPAR;021393;DF Individual - Demonstração do Fluxo de Caixa (Método Direto);REAL;MIL;ÚLTIMO;2021-01-01;2021-12-31;6.02.12;Recebimento de Dividendos;39830.0000000000;N
08.560.444/0001-93;2021-12-31;2;CIA CELG DE PARTICIPACOES - CELGPAR;021393;DF Individual - Demonstração do Fluxo de Caixa (Método Direto);REAL;MIL;PENÚLTIMO;2020-01-01;2020-12-31;6.02.13;Recebimento Acervo Líquido Cisão Parcial em Controlada;0.0000000000;N
08.560.444/0001-93;2021-12-31;2;CIA CELG DE PARTICIPACOES - CELGPAR;021393;DF Individual - Demonstração do Fluxo de Caixa (Método Direto);REAL;MIL;ÚLTIMO;2021-01-01;2021-12-31;6.02.13;Recebimento Acervo Líquido Cisão Parcial em Controlada;6299.0000000000;N
08.560.444/0001-93;2021-12-31;2;CIA CELG DE PARTICIPACOES - CELGPAR;021393;DF Individual - Demonstração do Fluxo de Caixa (Método Direto);REAL;MIL;PENÚLTIMO;2020-01-01;2020-12-31;6.02.14;Pagamento de Dividendos;0.0000000000;N
08.560.444/0001-93;2021-12-31;2;CIA CELG DE PARTICIPACOES - CELGPAR;021393;DF Individual - Demonstração do Fluxo de Caixa (Método Direto);REAL;MIL;ÚLTIMO;2021-01-01;2021-12-31;6.02.14;Pagamento de Dividendos;-38.0000000000;N
08.560.444/0001-93;2021-12-31;2;CIA CELG DE PARTICIPACOES - CELGPAR;021393;DF Individual - Demonstração do Fluxo de Caixa (Método Direto);REAL;MIL;PENÚLTIMO;2020-01-01;2020-12-31;6.03;Caixa Líquido Atividades de Financiamento;19829.0000000000;S
08.560.444/0001-93;2021-12-31;2;CIA CELG DE PARTICIPACOES - CELGPAR;021393;DF Individual - Demonstração do Fluxo de Caixa (Método Direto);REAL;MIL;ÚLTIMO;2021-01-01;2021-12-31;6.03;Caixa Líquido Atividades de Financiamento;18139.0000000000;S
08.560.444/0001-93;2021-12-31;2;CIA CELG DE PARTICIPACOES - CELGPAR;021393;DF Individual - Demonstração do Fluxo de Caixa (Método Direto);REAL;MIL;PENÚLTIMO;2020-01-01;2020-12-31;6.03.01;Adiantamentos para futuro aumento de capital;0.0000000000;N
08.560.444/0001-93;2021-12-31;2;CIA CELG DE PARTICIPACOES - CELGPAR;021393;DF Individual - Demonstração do Fluxo de Caixa (Método Direto);REAL;MIL;ÚLTIMO;2021-01-01;2021-12-31;6.03.01;Adiantamentos para futuro aumento de capital;0.0000000000;N
08.560.444/0001-93;2021-12-31;2;CIA CELG DE PARTICIPACOES - CELGPAR;021393;DF Individual - Demonstração do Fluxo de Caixa (Método Direto);REAL;MIL;PENÚLTIMO;2020-01-01;2020-12-31;6.03.02;Resgate de ações em tesouraria;0.0000000000;N
08.560.444/0001-93;2021-12-31;2;CIA CELG DE PARTICIPACOES - CELGPAR;021393;DF Individual - Demonstração do Fluxo de Caixa (Método Direto);REAL;MIL;ÚLTIMO;2021-01-01;2021-12-31;6.03.02;Resgate de ações em tesouraria;0.0000000000;N
08.560.444/0001-93;2021-12-31;2;CIA CELG DE PARTICIPACOES - CELGPAR;021393;DF Individual - Demonstração do Fluxo de Caixa (Método Direto);REAL;MIL;PENÚLTIMO;2020-01-01;2020-12-31;6.03.03;Pagamento de serviço da dívida;0.0000000000;N
08.560.444/0001-93;2021-12-31;2;CIA CELG DE PARTICIPACOES - CELGPAR;021393;DF Individual - Demonstração do Fluxo de Caixa (Método Direto);REAL;MIL;ÚLTIMO;2021-01-01;2021-12-31;6.03.03;Pagamento de serviço da dívida;0.0000000000;N
08.560.444/0001-93;2021-12-31;2;CIA CELG DE PARTICIPACOES - CELGPAR;021393;DF Individual - Demonstração do Fluxo de Caixa (Método Direto);REAL;MIL;PENÚLTIMO;2020-01-01;2020-12-31;6.03.04;Outros Resultados Líquidos;0.0000000000;N
08.560.444/0001-93;2021-12-31;2;CIA CELG DE PARTICIPACOES - CELGPAR;021393;DF Individual - Demonstração do Fluxo de Caixa (Método Direto);REAL;MIL;ÚLTIMO;2021-01-01;2021-12-31;6.03.04;Outros Resultados Líquidos;0.0000000000;N
08.560.444/0001-93;2021-12-31;2;CIA CELG DE PARTICIPACOES - CELGPAR;021393;DF Individual - Demonstração do Fluxo de Caixa (Método Direto);REAL;MIL;PENÚLTIMO;2020-01-01;2020-12-31;6.03.05;Empréstimos e Financiamentos Obtidos;0.0000000000;N
08.560.444/0001-93;2021-12-31;2;CIA CELG DE PARTICIPACOES - CELGPAR;021393;DF Individual - Demonstração do Fluxo de Caixa (Método Direto);REAL;MIL;ÚLTIMO;2021-01-01;2021-12-31;6.03.05;Empréstimos e Financiamentos Obtidos;0.0000000000;N
08.560.444/0001-93;2021-12-31;2;CIA CELG DE PARTICIPACOES - CELGPAR;021393;DF Individual - Demonstração do Fluxo de Caixa (Método Direto);REAL;MIL;PENÚLTIMO;2020-01-01;2020-12-31;6.03.06;Mútuo com Controlada;1689.0000000000;N
08.560.444/0001-93;2021-12-31;2;CIA CELG DE PARTICIPACOES - CELGPAR;021393;DF Individual - Demonstração do Fluxo de Caixa (Método Direto);REAL;MIL;ÚLTIMO;2021-01-01;2021-12-31;6.03.06;Mútuo com Controlada;0.0000000000;N
08.560.444/0001-93;2021-12-31;2;CIA CELG DE PARTICIPACOES - CELGPAR;021393;DF Individual - Demonstração do Fluxo de Caixa (Método Direto);REAL;MIL;PENÚLTIMO;2020-01-01;2020-12-31;6.03.07;Mútuo Anterior Coligada;18139.0000000000;N
08.560.444/0001-93;2021-12-31;2;CIA CELG DE PARTICIPACOES - CELGPAR;021393;DF Individual - Demonstração do Fluxo de Caixa (Método Direto);REAL;MIL;ÚLTIMO;2021-01-01;2021-12-31;6.03.07;Mútuo Anterior Coligada;18139.0000000000;N
08.560.444/0001-93;2021-12-31;2;CIA CELG DE PARTICIPACOES - CELGPAR;021393;DF Individual - Demonstração do Fluxo de Caixa (Método Direto);REAL;MIL;PENÚLTIMO;2020-01-01;2020-12-31;6.03.08;Integralização de Capital Minoritários;1.0000000000;N
08.560.444/0001-93;2021-12-31;2;CIA CELG DE PARTICIPACOES - CELGPAR;021393;DF Individual - Demonstração do Fluxo de Caixa (Método Direto);REAL;MIL;ÚLTIMO;2021-01-01;2021-12-31;6.03.08;Integralização de Capital Minoritários;0.0000000000;N
08.560.444/0001-93;2021-12-31;2;CIA CELG DE PARTICIPACOES - CELGPAR;021393;DF Individual - Demonstração do Fluxo de Caixa (Método Direto);REAL;MIL;PENÚLTIMO;2020-01-01;2020-12-31;6.04;Variação Cambial s/ Caixa e Equivalentes;0.0000000000;S
08.560.444/0001-93;2021-12-31;2;CIA CELG DE PARTICIPACOES - CELGPAR;021393;DF Individual - Demonstração do Fluxo de Caixa (Método Direto);REAL;MIL;ÚLTIMO;2021-01-01;2021-12-31;6.04;Variação Cambial s/ Caixa e Equivalentes;0.0000000000;S
08.560.444/0001-93;2021-12-31;2;CIA CELG DE PARTICIPACOES - CELGPAR;021393;DF Individual - Demonstração do Fluxo de Caixa (Método Direto);REAL;MIL;PENÚLTIMO;2020-01-01;2020-12-31;6.05;Aumento (Redução) de Caixa e Equivalentes;5426.0000000000;S
08.560.444/0001-93;2021-12-31;2;CIA CELG DE PARTICIPACOES - CELGPAR;021393;DF Individual - Demonstração do Fluxo de Caixa (Método Direto);REAL;MIL;ÚLTIMO;2021-01-01;2021-12-31;6.05;Aumento (Redução) de Caixa e Equivalentes;55986.0000000000;S
08.560.444/0001-93;2021-12-31;2;CIA CELG DE PARTICIPACOES - CELGPAR;021393;DF Individual - Demonstração do Fluxo de Caixa (Método Direto);REAL;MIL;PENÚLTIMO;2020-01-01;2020-12-31;6.05.01;Saldo Inicial de Caixa e Equivalentes;471.0000000000;S
08.560.444/0001-93;2021-12-31;2;CIA CELG DE PARTICIPACOES - CELGPAR;021393;DF Individual - Demonstração do Fluxo de Caixa (Método Direto);REAL;MIL;ÚLTIMO;2021-01-01;2021-12-31;6.05.01;Saldo Inicial de Caixa e Equivalentes;5897.0000000000;S
08.560.444/0001-93;2021-12-31;2;CIA CELG DE PARTICIPACOES - CELGPAR;021393;DF Individual - Demonstração do Fluxo de Caixa (Método Direto);REAL;MIL;PENÚLTIMO;2020-01-01;2020-12-31;6.05.02;Saldo Final de Caixa e Equivalentes;5897.0000000000;S
08.560.444/0001-93;2021-12-31;2;CIA CELG DE PARTICIPACOES - CELGPAR;021393;DF Individual - Demonstração do Fluxo de Caixa (Método Direto);REAL;MIL;ÚLTIMO;2021-01-01;2021-12-31;6.05.02;Saldo Final de Caixa e Equivalentes;61883.0000000000;S
12.300.288/0001-07;2021-12-31;1;NORTE ENERGIA S.A.;025097;DF Individual - Demonstração do Fluxo de Caixa (Método Direto);REAL;MIL;PENÚLTIMO;2020-01-01;2020-12-31;6.01;Caixa Líquido Atividades Operacionais;2229169.0000000000;S
12.300.288/0001-07;2021-12-31;1;NORTE ENERGIA S.A.;025097;DF Individual - Demonstração do Fluxo de Caixa (Método Direto);REAL;MIL;ÚLTIMO;2021-01-01;2021-12-31;6.01;Caixa Líquido Atividades Operacionais;2288452.0000000000;S
12.300.288/0001-07;2021-12-31;1;NORTE ENERGIA S.A.;025097;DF Individual - Demonstração do Fluxo de Caixa (Método Direto);REAL;MIL;PENÚLTIMO;2020-01-01;2020-12-31;6.02;Caixa Líquido Atividades de Investimento;-215433.0000000000;S
12.300.288/0001-07;2021-12-31;1;NORTE ENERGIA S.A.;025097;DF Individual - Demonstração do Fluxo de Caixa (Método Direto);REAL;MIL;ÚLTIMO;2021-01-01;2021-12-31;6.02;Caixa Líquido Atividades de Investimento;-286488.0000000000;S
12.300.288/0001-07;2021-12-31;1;NORTE ENERGIA S.A.;025097;DF Individual - Demonstração do Fluxo de Caixa (Método Direto);REAL;MIL;PENÚLTIMO;2020-01-01;2020-12-31;6.03;Caixa Líquido Atividades de Financiamento;-1101724.0000000000;S
12.300.288/0001-07;2021-12-31;1;NORTE ENERGIA S.A.;025097;DF Individual - Demonstração do Fluxo de Caixa (Método Direto);REAL;MIL;ÚLTIMO;2021-01-01;2021-12-31;6.03;Caixa Líquido Atividades de Financiamento;-2565344.0000000000;S
12.300.288/0001-07;2021-12-31;1;NORTE ENERGIA S.A.;025097;DF Individual - Demonstração do Fluxo de Caixa (Método Direto);REAL;MIL;PENÚLTIMO;2020-01-01;2020-12-31;6.04;Variação Cambial s/ Caixa e Equivalentes;0.0000000000;S
12.300.288/0001-07;2021-12-31;1;NORTE ENERGIA S.A.;025097;DF Individual - Demonstração do Fluxo de Caixa (Método Direto);REAL;MIL;ÚLTIMO;2021-01-01;2021-12-31;6.04;Variação Cambial s/ Caixa e Equivalentes;0.0000000000;S
12.300.288/0001-07;2021-12-31;1;NORTE ENERGIA S.A.;025097;DF Individual - Demonstração do Fluxo de Caixa (Método Direto);REAL;MIL;PENÚLTIMO;2020-01-01;2020-12-31;6.05;Aumento (Redução) de Caixa e Equivalentes;912012.0000000000;S
12.300.288/0001-07;2021-12-31;1;NORTE ENERGIA S.A.;025097;DF Individual - Demonstração do Fluxo de Caixa (Método Direto);REAL;MIL;ÚLTIMO;2021-01-01;2021-12-31;6.05;Aumento (Redução) de Caixa e Equivalentes;-563380.0000000000;S
12.300.288/0001-07;2021-12-31;1;NORTE ENERGIA S.A.;025097;DF Individual - Demonstração do Fluxo de Caixa (Método Direto);REAL;MIL;PENÚLTIMO;2020-01-01;2020-12-31;6.05.01;Saldo Inicial de Caixa e Equivalentes;194147.0000000000;S
12.300.288/0001-07;2021-12-31;1;NORTE ENERGIA S.A.;025097;DF Individual - Demonstração do Fluxo de Caixa (Método Direto);REAL;MIL;ÚLTIMO;2021-01-01;2021-12-31;6.05.01;Saldo Inicial de Caixa e Equivalentes;1106159.0000000000;S
12.300.288/0001-07;2021-12-31;1;NORTE ENERGIA S.A.;025097;DF Individual - Demonstração do Fluxo de Caixa (Método Direto);REAL;MIL;PENÚLTIMO;2020-01-01;2020-12-31;6.05.02;Saldo Final de Caixa e Equivalentes;1106159.0000000000;S
12.300.288/0001-07;2021-12-31;1;NORTE ENERGIA S.A.;025097;DF Individual - Demonstração do Fluxo de Caixa (Método Direto);REAL;MIL;ÚLTIMO;2021-01-01;2021-12-31;6.05.02;Saldo Final de Caixa e Equivalentes;542779.0000000000;S
15.101.405/0001-93;2021-12-31;1;CORREA RIBEIRO S.A. COMERCIO E INDUSTRIA;004863;DF Individual - Demonstração do Fluxo de Caixa (Método Direto);REAL;MIL;PENÚLTIMO;2020-01-01;2020-12-31;6.01;Caixa Líquido Atividades Operacionais;-262.0000000000;S
15.101.405/0001-93;2021-12-31;1;CORREA RIBEIRO S.A. COMERCIO E INDUSTRIA;004863;DF Individual - Demonstração do Fluxo de Caixa (Método Direto);REAL;MIL;ÚLTIMO;2021-01-01;2021-12-31;6.01;Caixa Líquido Atividades Operacionais;-23.0000000000;S
15.101.405/0001-93;2021-12-31;1;CORREA RIBEIRO S.A. COMERCIO E INDUSTRIA;004863;DF Individual - Demonstração do Fluxo de Caixa (Método Direto);REAL;MIL;PENÚLTIMO;2020-01-01;2020-12-31;6.02;Caixa Líquido Atividades de Investimento;0.0000000000;S
15.101.405/0001-93;2021-12-31;1;CORREA RIBEIRO S.A. COMERCIO E INDUSTRIA;004863;DF Individual - Demonstração do Fluxo de Caixa (Método Direto);REAL;MIL;ÚLTIMO;2021-01-01;2021-12-31;6.02;Caixa Líquido Atividades de Investimento;-19.0000000000;S
15.101.405/0001-93;2021-12-31;1;CORREA RIBEIRO S.A. COMERCIO E INDUSTRIA;004863;DF Individual - Demonstração do Fluxo de Caixa (Método Direto);REAL;MIL;PENÚLTIMO;2020-01-01;2020-12-31;6.03;Caixa Líquido Atividades de Financiamento;0.0000000000;S
15.101.405/0001-93;2021-12-31;1;CORREA RIBEIRO S.A. COMERCIO E INDUSTRIA;004863;DF Individual - Demonstração do Fluxo de Caixa (Método Direto);REAL;MIL;ÚLTIMO;2021-01-01;2021-12-31;6.03;Caixa Líquido Atividades de Financiamento;41.0000000000;S
15.101.405/0001-93;2021-12-31;1;CORREA RIBEIRO S.A. COMERCIO E INDUSTRIA;004863;DF Individual - Demonstração do Fluxo de Caixa (Método Direto);REAL;MIL;PENÚLTIMO;2020-01-01;2020-12-31;6.04;Variação Cambial s/ Caixa e Equivalentes;0.0000000000;S
15.101.405/0001-93;2021-12-31;1;CORREA RIBEIRO S.A. COMERCIO E INDUSTRIA;004863;DF Individual - Demonstração do Fluxo de Caixa (Método Direto);REAL;MIL;ÚLTIMO;2021-01-01;2021-12-31;6.04;Variação Cambial s/ Caixa e Equivalentes;0.0000000000;S
15.101.405/0001-93;2021-12-31;1;CORREA RIBEIRO S.A. COMERCIO E INDUSTRIA;004863;DF Individual - Demonstração do Fluxo de Caixa (Método Direto);REAL;MIL;PENÚLTIMO;2020-01-01;2020-12-31;6.05;Aumento (Redução) de Caixa e Equivalentes;-262.0000000000;S
15.101.405/0001-93;2021-12-31;1;CORREA RIBEIRO S.A. COMERCIO E INDUSTRIA;004863;DF Individual - Demonstração do Fluxo de Caixa (Método Direto);REAL;MIL;ÚLTIMO;2021-01-01;2021-12-31;6.05;Aumento (Redução) de Caixa e Equivalentes;-1.0000000000;S
15.101.405/0001-93;2021-12-31;1;CORREA RIBEIRO S.A. COMERCIO E INDUSTRIA;004863;DF Individual - Demonstração do Fluxo de Caixa (Método Direto);REAL;MIL;PENÚLTIMO;2020-01-01;2020-12-31;6.05.01;Saldo Inicial de Caixa e Equivalentes;285.0000000000;S
15.101.405/0001-93;2021-12-31;1;CORREA RIBEIRO S.A. COMERCIO E INDUSTRIA;004863;DF Individual - Demonstração do Fluxo de Caixa (Método Direto);REAL;MIL;ÚLTIMO;2021-01-01;2021-12-31;6.05.01;Saldo Inicial de Caixa e Equivalentes;23.0000000000;S
15.101.405/0001-93;2021-12-31;1;CORREA RIBEIRO S.A. COMERCIO E INDUSTRIA;004863;DF Individual - Demonstração do Fluxo de Caixa (Método Direto);REAL;MIL;PENÚLTIMO;2020-01-01;2020-12-31;6.05.02;Saldo Final de Caixa e Equivalentes;23.0000000000;S
15.101.405/0001-93;2021-12-31;1;CORREA RIBEIRO S.A. COMERCIO E INDUSTRIA;004863;DF Individual - Demonstração do Fluxo de Caixa (Método Direto);REAL;MIL;ÚLTIMO;2021-01-01;2021-12-31;6.05.02;Saldo Final de Caixa e Equivalentes;22.0000000000;S
16.838.421/0001-26;2021-12-31;1;XP INVESTIMENTOS S.A.;027111;DF Individual - Demonstração do Fluxo de Caixa (Método Direto);REAL;MIL;PENÚLTIMO;2020-01-01;2020-12-31;6.01;Caixa Líquido Atividades Operacionais;200591.0000000000;S
16.838.421/0001-26;2021-12-31;1;XP INVESTIMENTOS S.A.;027111;DF Individual - Demonstração do Fluxo de Caixa (Método Direto);REAL;MIL;ÚLTIMO;2021-01-01;2021-12-31;6.01;Caixa Líquido Atividades Operacionais;-452301.0000000000;S
16.838.421/0001-26;2021-12-31;1;XP INVESTIMENTOS S.A.;027111;DF Individual - Demonstração do Fluxo de Caixa (Método Direto);REAL;MIL;PENÚLTIMO;2020-01-01;2020-12-31;6.01.01;Caixa Gerado pelas Operações;-136282.0000000000;N
16.838.421/0001-26;2021-12-31;1;XP INVESTIMENTOS S.A.;027111;DF Individual - Demonstração do Fluxo de Caixa (Método Direto);REAL;MIL;ÚLTIMO;2021-01-01;2021-12-31;6.01.01;Caixa Gerado pelas Operações;-106754.0000000000;N
16.838.421/0001-26;2021-12-31;1;XP INVESTIMENTOS S.A.;027111;DF Individual - Demonstração do Fluxo de Caixa (Método Direto);REAL;MIL;PENÚLTIMO;2020-01-01;2020-12-31;6.01.02;Variações nos Ativos e Passivos;336873.0000000000;N
16.838.421/0001-26;2021-12-31;1;XP INVESTIMENTOS S.A.;027111;DF Individual - Demonstração do Fluxo de Caixa (Método Direto);REAL;MIL;ÚLTIMO;2021-01-01;2021-12-31;6.01.02;Variações nos Ativos e Passivos;-345547.0000000000;N
16.838.421/0001-26;2021-12-31;1;XP INVESTIMENTOS S.A.;027111;DF Individual - Demonstração do Fluxo de Caixa (Método Direto);REAL;MIL;PENÚLTIMO;2020-01-01;2020-12-31;6.01.03;Outros;0.0000000000;N
16.838.421/0001-26;2021-12-31;1;XP INVESTIMENTOS S.A.;027111;DF Individual - Demonstração do Fluxo de Caixa (Método Direto);REAL;MIL;ÚLTIMO;2021-01-01;2021-12-31;6.01.03;Outros;0.0000000000;N
16.838.421/0001-26;2021-12-31;1;XP INVESTIMENTOS S.A.;027111;DF Individual - Demonstração do Fluxo de Caixa (Método Direto);REAL;MIL;PENÚLTIMO;2020-01-01;2020-12-31;6.02;Caixa Líquido Atividades de Investimento;-176709.0000000000;S
16.838.421/0001-26;2021-12-31;1;XP INVESTIMENTOS S.A.;027111;DF Individual - Demonstração do Fluxo de Caixa (Método Direto);REAL;MIL;ÚLTIMO;2021-01-01;2021-12-31;6.02;Caixa Líquido Atividades de Investimento;-2045731.0000000000;S
16.838.421/0001-26;2021-12-31;1;XP INVESTIMENTOS S.A.;027111;DF Individual - Demonstração do Fluxo de Caixa (Método Direto);REAL;MIL;PENÚLTIMO;2020-01-01;2020-12-31;6.02.01;Aquisições de imobilizado;-100583.0000000000;N
16.838.421/0001-26;2021-12-31;1;XP INVESTIMENTOS S.A.;027111;DF Individual - Demonstração do Fluxo de Caixa (Método Direto);REAL;MIL;ÚLTIMO;2021-01-01;2021-12-31;6.02.01;Aquisições de imobilizado;-60539.0000000000;N
16.838.421/0001-26;2021-12-31;1;XP INVESTIMENTOS S.A.;027111;DF Individual - Demonstração do Fluxo de Caixa (Método Direto);REAL;MIL;PENÚLTIMO;2020-01-01;2020-12-31;6.02.02;Aquisição de intangível;-9798.0000000000;N
16.838.421/0001-26;2021-12-31;1;XP INVESTIMENTOS S.A.;027111;DF Individual - Demonstração do Fluxo de Caixa (Método Direto);REAL;MIL;ÚLTIMO;2021-01-01;2021-12-31;6.02.02;Aquisição de intangível;-251.0000000000;N
16.838.421/0001-26;2021-12-31;1;XP INVESTIMENTOS S.A.;027111;DF Individual - Demonstração do Fluxo de Caixa (Método Direto);REAL;MIL;PENÚLTIMO;2020-01-01;2020-12-31;6.02.03;Aumento de capital em controladas;0.0000000000;N
16.838.421/0001-26;2021-12-31;1;XP INVESTIMENTOS S.A.;027111;DF Individual - Demonstração do Fluxo de Caixa (Método Direto);REAL;MIL;ÚLTIMO;2021-01-01;2021-12-31;6.02.03;Aumento de capital em controladas;-2091695.0000000000;N
16.838.421/0001-26;2021-12-31;1;XP INVESTIMENTOS S.A.;027111;DF Individual - Demonstração do Fluxo de Caixa (Método Direto);REAL;MIL;PENÚLTIMO;2020-01-01;2020-12-31;6.02.04;Caixa líquido de aquisição e venda de investimentos em coligadas e controladas;-266300.0000000000;N
16.838.421/0001-26;2021-12-31;1;XP INVESTIMENTOS S.A.;027111;DF Individual - Demonstração do Fluxo de Caixa (Método Direto);REAL;MIL;ÚLTIMO;2021-01-01;2021-12-31;6.02.04;Caixa líquido de aquisição e venda de investimentos em coligadas e controladas;106754.0000000000;N
16.838.421/0001-26;2021-12-31;1;XP INVESTIMENTOS S.A.;027111;DF Individual - Demonstração do Fluxo de Caixa (Método Direto);REAL;MIL;PENÚLTIMO;2020-01-01;2020-12-31;6.02.05;Dividendos recebidos de controladas e coligadas;199972.0000000000;N
16.838.421/0001-26;2021-12-31;1;XP INVESTIMENTOS S.A.;027111;DF Individual - Demonstração do Fluxo de Caixa (Método Direto);REAL;MIL;ÚLTIMO;2021-01-01;2021-12-31;6.02.05;Dividendos recebidos de controladas e coligadas;0.0000000000;N
16.838.421/0001-26;2021-12-31;1;XP INVESTIMENTOS S.A.;027111;DF Individual - Demonstração do Fluxo de Caixa (Método Direto);REAL;MIL;PENÚLTIMO;2020-01-01;2020-12-31;6.03;Caixa Líquido Atividades de Financiamento;-16212.0000000000;S
16.838.421/0001-26;2021-12-31;1;XP INVESTIMENTOS S.A.;027111;DF Individual - Demonstração do Fluxo de Caixa (Método Direto);REAL;MIL;ÚLTIMO;2021-01-01;2021-12-31;6.03;Caixa Líquido Atividades de Financiamento;2518243.0000000000;S
16.838.421/0001-26;2021-12-31;1;XP INVESTIMENTOS S.A.;027111;DF Individual - Demonstração do Fluxo de Caixa (Método Direto);REAL;MIL;PENÚLTIMO;2020-01-01;2020-12-31;6.03.01;Captação de empréstimos e instrumentos de dívida;0.0000000000;N
16.838.421/0001-26;2021-12-31;1;XP INVESTIMENTOS S.A.;027111;DF Individual - Demonstração do Fluxo de Caixa (Método Direto);REAL;MIL;ÚLTIMO;2021-01-01;2021-12-31;6.03.01;Captação de empréstimos e instrumentos de dívida;500018.0000000000;N
16.838.421/0001-26;2021-12-31;1;XP INVESTIMENTOS S.A.;027111;DF Individual - Demonstração do Fluxo de Caixa (Método Direto);REAL;MIL;PENÚLTIMO;2020-01-01;2020-12-31;6.03.02;Pagamento de empréstimos e arrendamento mercantil;-53395.0000000000;N
16.838.421/0001-26;2021-12-31;1;XP INVESTIMENTOS S.A.;027111;DF Individual - Demonstração do Fluxo de Caixa (Método Direto);REAL;MIL;ÚLTIMO;2021-01-01;2021-12-31;6.03.02;Pagamento de empréstimos e arrendamento mercantil;-10522.0000000000;N
16.838.421/0001-26;2021-12-31;1;XP INVESTIMENTOS S.A.;027111;DF Individual - Demonstração do Fluxo de Caixa (Método Direto);REAL;MIL;PENÚLTIMO;2020-01-01;2020-12-31;6.03.03;Emissão de debêntures;0.0000000000;N
16.838.421/0001-26;2021-12-31;1;XP INVESTIMENTOS S.A.;027111;DF Individual - Demonstração do Fluxo de Caixa (Método Direto);REAL;MIL;ÚLTIMO;2021-01-01;2021-12-31;6.03.03;Emissão de debêntures;0.0000000000;N
16.838.421/0001-26;2021-12-31;1;XP INVESTIMENTOS S.A.;027111;DF Individual - Demonstração do Fluxo de Caixa (Método Direto);REAL;MIL;PENÚLTIMO;2020-01-01;2020-12-31;6.03.04;Pagamento de debêntures;-400000.0000000000;N
16.838.421/0001-26;2021-12-31;1;XP INVESTIMENTOS S.A.;027111;DF Individual - Demonstração do Fluxo de Caixa (Método Direto);REAL;MIL;ÚLTIMO;2021-01-01;2021-12-31;6.03.04;Pagamento de debêntures;-177826.0000000000;N
16.838.421/0001-26;2021-12-31;1;XP INVESTIMENTOS S.A.;027111;DF Individual - Demonstração do Fluxo de Caixa (Método Direto);REAL;MIL;PENÚLTIMO;2020-01-01;2020-12-31;6.03.05;Recompra de debêntures;-64717.0000000000;N
16.838.421/0001-26;2021-12-31;1;XP INVESTIMENTOS S.A.;027111;DF Individual - Demonstração do Fluxo de Caixa (Método Direto);REAL;MIL;ÚLTIMO;2021-01-01;2021-12-31;6.03.05;Recompra de debêntures;0.0000000000;N
16.838.421/0001-26;2021-12-31;1;XP INVESTIMENTOS S.A.;027111;DF Individual - Demonstração do Fluxo de Caixa (Método Direto);REAL;MIL;PENÚLTIMO;2020-01-01;2020-12-31;6.03.06;Dividendos pagos;0.0000000000;N
16.838.421/0001-26;2021-12-31;1;XP INVESTIMENTOS S.A.;027111;DF Individual - Demonstração do Fluxo de Caixa (Método Direto);REAL;MIL;ÚLTIMO;2021-01-01;2021-12-31;6.03.06;Dividendos pagos;0.0000000000;N
16.838.421/0001-26;2021-12-31;1;XP INVESTIMENTOS S.A.;027111;DF Individual - Demonstração do Fluxo de Caixa (Método Direto);REAL;MIL;PENÚLTIMO;2020-01-01;2020-12-31;6.03.07;Aumento de Capital;501900.0000000000;N
16.838.421/0001-26;2021-12-31;1;XP INVESTIMENTOS S.A.;027111;DF Individual - Demonstração do Fluxo de Caixa (Método Direto);REAL;MIL;ÚLTIMO;2021-01-01;2021-12-31;6.03.07;Aumento de Capital;2206573.0000000000;N
16.838.421/0001-26;2021-12-31;1;XP INVESTIMENTOS S.A.;027111;DF Individual - Demonstração do Fluxo de Caixa (Método Direto);REAL;MIL;PENÚLTIMO;2020-01-01;2020-12-31;6.03.08;Outras participações de não-controladores;0.0000000000;N
16.838.421/0001-26;2021-12-31;1;XP INVESTIMENTOS S.A.;027111;DF Individual - Demonstração do Fluxo de Caixa (Método Direto);REAL;MIL;ÚLTIMO;2021-01-01;2021-12-31;6.03.08;Outras participações de não-controladores;0.0000000000;N
16.838.421/0001-26;2021-12-31;1;XP INVESTIMENTOS S.A.;027111;DF Individual - Demonstração do Fluxo de Caixa (Método Direto);REAL;MIL;PENÚLTIMO;2020-01-01;2020-12-31;6.03.09;Dividendos pagos a não-controladores;0.0000000000;N
16.838.421/0001-26;2021-12-31;1;XP INVESTIMENTOS S.A.;027111;DF Individual - Demonstração do Fluxo de Caixa (Método Direto);REAL;MIL;ÚLTIMO;2021-01-01;2021-12-31;6.03.09;Dividendos pagos a não-controladores;0.0000000000;N
16.838.421/0001-26;2021-12-31;1;XP INVESTIMENTOS S.A.;027111;DF Individual - Demonstração do Fluxo de Caixa (Método Direto);REAL;MIL;PENÚLTIMO;2020-01-01;2020-12-31;6.04;Efeitos de Variação Cambial s/ Caixa e Equivalentes;0.0000000000;S
16.838.421/0001-26;2021-12-31;1;XP INVESTIMENTOS S.A.;027111;DF Individual - Demonstração do Fluxo de Caixa (Método Direto);REAL;MIL;ÚLTIMO;2021-01-01;2021-12-31;6.04;Efeitos de Variação Cambial s/ Caixa e Equivalentes;0.0000000000;S
16.838.421/0001-26;2021-12-31;1;XP INVESTIMENTOS S.A.;027111;DF Individual - Demonstração do Fluxo de Caixa (Método Direto);REAL;MIL;PENÚLTIMO;2020-01-01;2020-12-31;6.05;Aumento (Redução) de Caixa e Equivalentes;7670.0000000000;S
16.838.421/0001-26;2021-12-31;1;XP INVESTIMENTOS S.A.;027111;DF Individual - Demonstração do Fluxo de Caixa (Método Direto);REAL;MIL;ÚLTIMO;2021-01-01;2021-12-31;6.05;Aumento (Redução) de Caixa e Equivalentes;20211.0000000000;S
16.838.421/0001-26;2021-12-31;1;XP INVESTIMENTOS S.A.;027111;DF Individual - Demonstração do Fluxo de Caixa (Método Direto);REAL;MIL;PENÚLTIMO;2020-01-01;2020-12-31;6.05.01;Saldo Inicial de Caixa e Equivalentes;519.0000000000;S
16.838.421/0001-26;2021-12-31;1;XP INVESTIMENTOS S.A.;027111;DF Individual - Demonstração do Fluxo de Caixa (Método Direto);REAL;MIL;ÚLTIMO;2021-01-01;2021-12-31;6.05.01;Saldo Inicial de Caixa e Equivalentes;8189.0000000000;S
16.838.421/0001-26;2021-12-31;1;XP INVESTIMENTOS S.A.;027111;DF Individual - Demonstração do Fluxo de Caixa (Método Direto);REAL;MIL;PENÚLTIMO;2020-01-01;2020-12-31;6.05.02;Saldo Final de Caixa e Equivalentes;8189.0000000000;S
16.838.421/0001-26;2021-12-31;1;XP INVESTIMENTOS S.A.;027111;DF Individual - Demonstração do Fluxo de Caixa (Método Direto);REAL;MIL;ÚLTIMO;2021-01-01;2021-12-31;6.05.02;Saldo Final de Caixa e Equivalentes;28400.0000000000;S
19.527.586/0001-75;2021-12-31;1;COMPANHIA ENERGÉTICA SINOP S/A;024155;DF Individual - Demonstração do Fluxo de Caixa (Método Direto);REAL;MIL;PENÚLTIMO;2020-01-01;2020-12-31;6.01;Caixa Líquido Atividades Operacionais;82848.0000000000;S
19.527.586/0001-75;2021-12-31;1;COMPANHIA ENERGÉTICA SINOP S/A;024155;DF Individual - Demonstração do Fluxo de Caixa (Método Direto);REAL;MIL;ÚLTIMO;2021-01-01;2021-12-31;6.01;Caixa Líquido Atividades Operacionais;18223.0000000000;S
19.527.586/0001-75;2021-12-31;1;COMPANHIA ENERGÉTICA SINOP S/A;024155;DF Individual - Demonstração do Fluxo de Caixa (Método Direto);REAL;MIL;PENÚLTIMO;2020-01-01;2020-12-31;6.02;Caixa Líquido Atividades de Investimento;15320.0000000000;S
19.527.586/0001-75;2021-12-31;1;COMPANHIA ENERGÉTICA SINOP S/A;024155;DF Individual - Demonstração do Fluxo de Caixa (Método Direto);REAL;MIL;ÚLTIMO;2021-01-01;2021-12-31;6.02;Caixa Líquido Atividades de Investimento;-34082.0000000000;S
19.527.586/0001-75;2021-12-31;1;COMPANHIA ENERGÉTICA SINOP S/A;024155;DF Individual - Demonstração do Fluxo de Caixa (Método Direto);REAL;MIL;PENÚLTIMO;2020-01-01;2020-12-31;6.03;Caixa Líquido Atividades de Financiamento;-13826.0000000000;S
19.527.586/0001-75;2021-12-31;1;COMPANHIA ENERGÉTICA SINOP S/A;024155;DF Individual - Demonstração do Fluxo de Caixa (Método Direto);REAL;MIL;ÚLTIMO;2021-01-01;2021-12-31;6.03;Caixa Líquido Atividades de Financiamento;-32151.0000000000;S
19.527.586/0001-75;2021-12-31;1;COMPANHIA ENERGÉTICA SINOP S/A;024155;DF Individual - Demonstração do Fluxo de Caixa (Método Direto);REAL;MIL;PENÚLTIMO;2020-01-01;2020-12-31;6.04;Variação Cambial s/ Caixa e Equivalentes;0.0000000000;S
19.527.586/0001-75;2021-12-31;1;COMPANHIA ENERGÉTICA SINOP S/A;024155;DF Individual - Demonstração do Fluxo de Caixa (Método Direto);REAL;MIL;ÚLTIMO;2021-01-01;2021-12-31;6.04;Variação Cambial s/ Caixa e Equivalentes;0.0000000000;S
19.527.586/0001-75;2021-12-31;1;COMPANHIA ENERGÉTICA SINOP S/A;024155;DF Individual - Demonstração do Fluxo de Caixa (Método Direto);REAL;MIL;PENÚLTIMO;2020-01-01;2020-12-31;6.05;Aumento (Redução) de Caixa e Equivalentes;84342.0000000000;S
19.527.586/0001-75;2021-12-31;1;COMPANHIA ENERGÉTICA SINOP S/A;024155;DF Individual - Demonstração do Fluxo de Caixa (Método Direto);REAL;MIL;ÚLTIMO;2021-01-01;2021-12-31;6.05;Aumento (Redução) de Caixa e Equivalentes;-48010.0000000000;S
19.527.586/0001-75;2021-12-31;1;COMPANHIA ENERGÉTICA SINOP S/A;024155;DF Individual - Demonstração do Fluxo de Caixa (Método Direto);REAL;MIL;PENÚLTIMO;2020-01-01;2020-12-31;6.05.01;Saldo Inicial de Caixa e Equivalentes;85459.0000000000;S
19.527.586/0001-75;2021-12-31;1;COMPANHIA ENERGÉTICA SINOP S/A;024155;DF Individual - Demonstração do Fluxo de Caixa (Método Direto);REAL;MIL;ÚLTIMO;2021-01-01;2021-12-31;6.05.01;Saldo Inicial de Caixa e Equivalentes;169801.0000000000;S
19.527.586/0001-75;2021-12-31;1;COMPANHIA ENERGÉTICA SINOP S/A;024155;DF Individual - Demonstração do Fluxo de Caixa (Método Direto);REAL;MIL;PENÚLTIMO;2020-01-01;2020-12-31;6.05.02;Saldo Final de Caixa e Equivalentes;169801.0000000000;S
19.527.586/0001-75;2021-12-31;1;COMPANHIA ENERGÉTICA SINOP S/A;024155;DF Individual - Demonstração do Fluxo de Caixa (Método Direto);REAL;MIL;ÚLTIMO;2021-01-01;2021-12-31;6.05.02;Saldo Final de Caixa e Equivalentes;121791.0000000000;S
21.254.073/0001-80;2021-12-31;1;COMPANHIA ITAUNENSE ENERGIA E PARTICIPAÇÕES;003450;DF Individual - Demonstração do Fluxo de Caixa (Método Direto);REAL;MIL;PENÚLTIMO;2020-01-01;2020-12-31;6.01;Caixa Líquido Atividades Operacionais;35411.0000000000;S
21.254.073/0001-80;2021-12-31;1;COMPANHIA ITAUNENSE ENERGIA E PARTICIPAÇÕES;003450;DF Individual - Demonstração do Fluxo de Caixa (Método Direto);REAL;MIL;PENÚLTIMO;2020-01-01;2020-12-31;6.01;Caixa Líquido Atividades Operacionais;35411.0000000000;S
21.254.073/0001-80;2021-12-31;1;COMPANHIA ITAUNENSE ENERGIA E PARTICIPAÇÕES;003450;DF Individual - Demonstração do Fluxo de Caixa (Método Direto);REAL;MIL;ÚLTIMO;2021-01-01;2021-12-31;6.01;Caixa Líquido Atividades Operacionais;41025.0000000000;S
21.254.073/0001-80;2021-12-31;1;COMPANHIA ITAUNENSE ENERGIA E PARTICIPAÇÕES;003450;DF Individual - Demonstração do Fluxo de Caixa (Método Direto);REAL;MIL;ÚLTIMO;2021-01-01;2021-12-31;6.01;Caixa Líquido Atividades Operacionais;41025.0000000000;S
21.254.073/0001-80;2021-12-31;1;COMPANHIA ITAUNENSE ENERGIA E PARTICIPAÇÕES;003450;DF Individual - Demonstração do Fluxo de Caixa (Método Direto);REAL;MIL;PENÚLTIMO;2020-01-01;2020-12-31;6.02;Caixa Líquido Atividades de Investimento;-266.0000000000;S
21.254.073/0001-80;2021-12-31;1;COMPANHIA ITAUNENSE ENERGIA E PARTICIPAÇÕES;003450;DF Individual - Demonstração do Fluxo de Caixa (Método Direto);REAL;MIL;PENÚLTIMO;2020-01-01;2020-12-31;6.02;Caixa Líquido Atividades de Investimento;-266.0000000000;S
21.254.073/0001-80;2021-12-31;1;COMPANHIA ITAUNENSE ENERGIA E PARTICIPAÇÕES;003450;DF Individual - Demonstração do Fluxo de Caixa (Método Direto);REAL;MIL;ÚLTIMO;2021-01-01;2021-12-31;6.02;Caixa Líquido Atividades de Investimento;-7674.0000000000;S
21.254.073/0001-80;2021-12-31;1;COMPANHIA ITAUNENSE ENERGIA E PARTICIPAÇÕES;003450;DF Individual - Demonstração do Fluxo de Caixa (Método Direto);REAL;MIL;ÚLTIMO;2021-01-01;2021-12-31;6.02;Caixa Líquido Atividades de Investimento;-7674.0000000000;S
21.254.073/0001-80;2021-12-31;1;COMPANHIA ITAUNENSE ENERGIA E PARTICIPAÇÕES;003450;DF Individual - Demonstração do Fluxo de Caixa (Método Direto);REAL;MIL;PENÚLTIMO;2020-01-01;2020-12-31;6.03;Caixa Líquido Atividades de Financiamento;-29721.0000000000;S
21.254.073/0001-80;2021-12-31;1;COMPANHIA ITAUNENSE ENERGIA E PARTICIPAÇÕES;003450;DF Individual - Demonstração do Fluxo de Caixa (Método Direto);REAL;MIL;PENÚLTIMO;2020-01-01;2020-12-31;6.03;Caixa Líquido Atividades de Financiamento;-29721.0000000000;S
21.254.073/0001-80;2021-12-31;1;COMPANHIA ITAUNENSE ENERGIA E PARTICIPAÇÕES;003450;DF Individual - Demonstração do Fluxo de Caixa (Método Direto);REAL;MIL;ÚLTIMO;2021-01-01;2021-12-31;6.03;Caixa Líquido Atividades de Financiamento;-14321.0000000000;S
21.254.073/0001-80;2021-12-31;1;COMPANHIA ITAUNENSE ENERGIA E PARTICIPAÇÕES;003450;DF Individual - Demonstração do Fluxo de Caixa (Método Direto);REAL;MIL;ÚLTIMO;2021-01-01;2021-12-31;6.03;Caixa Líquido Atividades de Financiamento;-14321.0000000000;S
21.254.073/0001-80;2021-12-31;1;COMPANHIA ITAUNENSE ENERGIA E PARTICIPAÇÕES;003450;DF Individual - Demonstração do Fluxo de Caixa (Método Direto);REAL;MIL;PENÚLTIMO;2020-01-01;2020-12-31;6.04;Variação Cambial s/ Caixa e Equivalentes;0.0000000000;S
21.254.073/0001-80;2021-12-31;1;COMPANHIA ITAUNENSE ENERGIA E PARTICIPAÇÕES;003450;DF Individual - Demonstração do Fluxo de Caixa (Método Direto);REAL;MIL;PENÚLTIMO;2020-01-01;2020-12-31;6.04;Variação Cambial s/ Caixa e Equivalentes;0.0000000000;S
21.254.073/0001-80;2021-12-31;1;COMPANHIA ITAUNENSE ENERGIA E PARTICIPAÇÕES;003450;DF Individual - Demonstração do Fluxo de Caixa (Método Direto);REAL;MIL;ÚLTIMO;2021-01-01;2021-12-31;6.04;Variação Cambial s/ Caixa e Equivalentes;0.0000000000;S
21.254.073/0001-80;2021-12-31;1;COMPANHIA ITAUNENSE ENERGIA E PARTICIPAÇÕES;003450;DF Individual - Demonstração do Fluxo de Caixa (Método Direto);REAL;MIL;ÚLTIMO;2021-01-01;2021-12-31;6.04;Variação Cambial s/ Caixa e Equivalentes;0.0000000000;S
21.254.073/0001-80;2021-12-31;1;COMPANHIA ITAUNENSE ENERGIA E PARTICIPAÇÕES;003450;DF Individual - Demonstração do Fluxo de Caixa (Método Direto);REAL;MIL;PENÚLTIMO;2020-01-01;2020-12-31;6.05;Aumento (Redução) de Caixa e Equivalentes;5424.0000000000;S
21.254.073/0001-80;2021-12-31;1;COMPANHIA ITAUNENSE ENERGIA E PARTICIPAÇÕES;003450;DF Individual - Demonstração do Fluxo de Caixa (Método Direto);REAL;MIL;PENÚLTIMO;2020-01-01;2020-12-31;6.05;Aumento (Redução) de Caixa e Equivalentes;5424.0000000000;S
21.254.073/0001-80;2021-12-31;1;COMPANHIA ITAUNENSE ENERGIA E PARTICIPAÇÕES;003450;DF Individual - Demonstração do Fluxo de Caixa (Método Direto);REAL;MIL;ÚLTIMO;2021-01-01;2021-12-31;6.05;Aumento (Redução) de Caixa e Equivalentes;19030.0000000000;S
21.254.073/0001-80;2021-12-31;1;COMPANHIA ITAUNENSE ENERGIA E PARTICIPAÇÕES;003450;DF Individual - Demonstração do Fluxo de Caixa (Método Direto);REAL;MIL;ÚLTIMO;2021-01-01;2021-12-31;6.05;Aumento (Redução) de Caixa e Equivalentes;19030.0000000000;S
21.254.073/0001-80;2021-12-31;1;COMPANHIA ITAUNENSE ENERGIA E PARTICIPAÇÕES;003450;DF Individual - Demonstração do Fluxo de Caixa (Método Direto);REAL;MIL;PENÚLTIMO;2020-01-01;2020-12-31;6.05.01;Saldo Inicial de Caixa e Equivalentes;39.0000000000;S
21.254.073/0001-80;2021-12-31;1;COMPANHIA ITAUNENSE ENERGIA E PARTICIPAÇÕES;003450;DF Individual - Demonstração do Fluxo de Caixa (Método Direto);REAL;MIL;PENÚLTIMO;2020-01-01;2020-12-31;6.05.01;Saldo Inicial de Caixa e Equivalentes;39.0000000000;S
21.254.073/0001-80;2021-12-31;1;COMPANHIA ITAUNENSE ENERGIA E PARTICIPAÇÕES;003450;DF Individual - Demonstração do Fluxo de Caixa (Método Direto);REAL;MIL;ÚLTIMO;2021-01-01;2021-12-31;6.05.01;Saldo Inicial de Caixa e Equivalentes;5463.0000000000;S
21.254.073/0001-80;2021-12-31;1;COMPANHIA ITAUNENSE ENERGIA E PARTICIPAÇÕES;003450;DF Individual - Demonstração do Fluxo de Caixa (Método Direto);REAL;MIL;ÚLTIMO;2021-01-01;2021-12-31;6.05.01;Saldo Inicial de Caixa e Equivalentes;5463.0000000000;S
21.254.073/0001-80;2021-12-31;1;COMPANHIA ITAUNENSE ENERGIA E PARTICIPAÇÕES;003450;DF Individual - Demonstração do Fluxo de Caixa (Método Direto);REAL;MIL;PENÚLTIMO;2020-01-01;2020-12-31;6.05.02;Saldo Final de Caixa e Equivalentes;5463.0000000000;S
21.254.073/0001-80;2021-12-31;1;COMPANHIA ITAUNENSE ENERGIA E PARTICIPAÇÕES;003450;DF Individual - Demonstração do Fluxo de Caixa (Método Direto);REAL;MIL;PENÚLTIMO;2020-01-01;2020-12-31;6.05.02;Saldo Final de Caixa e Equivalentes;5463.0000000000;S
21.254.073/0001-80;2021-12-31;1;COMPANHIA ITAUNENSE ENERGIA E PARTICIPAÇÕES;003450;DF Individual - Demonstração do Fluxo de Caixa (Método Direto);REAL;MIL;ÚLTIMO;2021-01-01;2021-12-31;6.05.02;Saldo Final de Caixa e Equivalentes;24493.0000000000;S
21.254.073/0001-80;2021-12-31;1;COMPANHIA ITAUNENSE ENERGIA E PARTICIPAÇÕES;003450;DF Individual - Demonstração do Fluxo de Caixa (Método Direto);REAL;MIL;ÚLTIMO;2021-01-01;2021-12-31;6.05.02;Saldo Final de Caixa e Equivalentes;24493.0000000000;S
24.410.913/0001-44;2021-12-31;1;NU HOLDINGS LTD.;080209;DF Individual - Demonstração do Fluxo de Caixa (Método Direto);REAL;MIL;PENÚLTIMO;2020-01-01;2020-12-31;6.01;Caixa Líquido Atividades Operacionais;0.0000000000;S
24.410.913/0001-44;2021-12-31;1;NU HOLDINGS LTD.;080209;DF Individual - Demonstração do Fluxo de Caixa (Método Direto);REAL;MIL;ÚLTIMO;2021-01-01;2021-12-31;6.01;Caixa Líquido Atividades Operacionais;0.0000000000;S
24.410.913/0001-44;2021-12-31;1;NU HOLDINGS LTD.;080209;DF Individual - Demonstração do Fluxo de Caixa (Método Direto);REAL;MIL;PENÚLTIMO;2020-01-01;2020-12-31;6.02;Caixa Líquido Atividades de Investimento;0.0000000000;S
24.410.913/0001-44;2021-12-31;1;NU HOLDINGS LTD.;080209;DF Individual - Demonstração do Fluxo de Caixa (Método Direto);REAL;MIL;ÚLTIMO;2021-01-01;2021-12-31;6.02;Caixa Líquido Atividades de Investimento;0.0000000000;S
24.410.913/0001-44;2021-12-31;1;NU HOLDINGS LTD.;080209;DF Individual - Demonstração do Fluxo de Caixa (Método Direto);REAL;MIL;PENÚLTIMO;2020-01-01;2020-12-31;6.03;Caixa Líquido Atividades de Financiamento;0.0000000000;S
24.410.913/0001-44;2021-12-31;1;NU HOLDINGS LTD.;080209;DF Individual - Demonstração do Fluxo de Caixa (Método Direto);REAL;MIL;ÚLTIMO;2021-01-01;2021-12-31;6.03;Caixa Líquido Atividades de Financiamento;0.0000000000;S
24.410.913/0001-44;2021-12-31;1;NU HOLDINGS LTD.;080209;DF Individual - Demonstração do Fluxo de Caixa (Método Direto);REAL;MIL;PENÚLTIMO;2020-01-01;2020-12-31;6.04;Efeitos de Variação Cambial s/ Caixa e Equivalentes;0.0000000000;S
24.410.913/0001-44;2021-12-31;1;NU HOLDINGS LTD.;080209;DF Individual - Demonstração do Fluxo de Caixa (Método Direto);REAL;MIL;ÚLTIMO;2021-01-01;2021-12-31;6.04;Efeitos de Variação Cambial s/ Caixa e Equivalentes;0.0000000000;S
24.410.913/0001-44;2021-12-31;1;NU HOLDINGS LTD.;080209;DF Individual - Demonstração do Fluxo de Caixa (Método Direto);REAL;MIL;PENÚLTIMO;2020-01-01;2020-12-31;6.05;Aumento (Redução) de Caixa e Equivalentes;0.0000000000;S
24.410.913/0001-44;2021-12-31;1;NU HOLDINGS LTD.;080209;DF Individual - Demonstração do Fluxo de Caixa (Método Direto);REAL;MIL;ÚLTIMO;2021-01-01;2021-12-31;6.05;Aumento (Redução) de Caixa e Equivalentes;0.0000000000;S
24.410.913/0001-44;2021-12-31;1;NU HOLDINGS LTD.;080209;DF Individual - Demonstração do Fluxo de Caixa (Método Direto);REAL;MIL;PENÚLTIMO;2020-01-01;2020-12-31;6.05.01;Saldo Inicial de Caixa e Equivalentes;0.0000000000;S
24.410.913/0001-44;2021-12-31;1;NU HOLDINGS LTD.;080209;DF Individual - Demonstração do Fluxo de Caixa (Método Direto);REAL;MIL;ÚLTIMO;2021-01-01;2021-12-31;6.05.01;Saldo Inicial de Caixa e Equivalentes;0.0000000000;S
24.410.913/0001-44;2021-12-31;1;NU HOLDINGS LTD.;080209;DF Individual - Demonstração do Fluxo de Caixa (Método Direto);REAL;MIL;PENÚLTIMO;2020-01-01;2020-12-31;6.05.02;Saldo Final de Caixa e Equivalentes;0.0000000000;S
24.410.913/0001-44;2021-12-31;1;NU HOLDINGS LTD.;080209;DF Individual - Demonstração do Fluxo de Caixa (Método Direto);REAL;MIL;ÚLTIMO;2021-01-01;2021-12-31;6.05.02;Saldo Final de Caixa e Equivalentes;0.0000000000;S
28.442.718/0001-57;2021-12-31;1;RIOLOAN 2 COMPANHIA SECURITIZADORA DE CRÉDITOS FINANCEIROS;024368;DF Individual - Demonstração do Fluxo de Caixa (Método Direto);REAL;MIL;PENÚLTIMO;2020-01-01;2020-12-31;6.01;Caixa Líquido Atividades Operacionais;-1374.0000000000;S
28.442.718/0001-57;2021-12-31;1;RIOLOAN 2 COMPANHIA SECURITIZADORA DE CRÉDITOS FINANCEIROS;024368;DF Individual - Demonstração do Fluxo de Caixa (Método Direto);REAL;MIL;ÚLTIMO;2021-01-01;2021-12-31;6.01;Caixa Líquido Atividades Operacionais;-202.0000000000;S
28.442.718/0001-57;2021-12-31;1;RIOLOAN 2 COMPANHIA SECURITIZADORA DE CRÉDITOS FINANCEIROS;024368;DF Individual - Demonstração do Fluxo de Caixa (Método Direto);REAL;MIL;PENÚLTIMO;2020-01-01;2020-12-31;6.01.01;Impostos a Recuperar;-4.0000000000;N
28.442.718/0001-57;2021-12-31;1;RIOLOAN 2 COMPANHIA SECURITIZADORA DE CRÉDITOS FINANCEIROS;024368;DF Individual - Demonstração do Fluxo de Caixa (Método Direto);REAL;MIL;ÚLTIMO;2021-01-01;2021-12-31;6.01.01;Impostos a Recuperar;16.0000000000;N
28.442.718/0001-57;2021-12-31;1;RIOLOAN 2 COMPANHIA SECURITIZADORA DE CRÉDITOS FINANCEIROS;024368;DF Individual - Demonstração do Fluxo de Caixa (Método Direto);REAL;MIL;PENÚLTIMO;2020-01-01;2020-12-31;6.01.02;Despesas a Serem Reembolsadas;-10.0000000000;N
28.442.718/0001-57;2021-12-31;1;RIOLOAN 2 COMPANHIA SECURITIZADORA DE CRÉDITOS FINANCEIROS;024368;DF Individual - Demonstração do Fluxo de Caixa (Método Direto);REAL;MIL;ÚLTIMO;2021-01-01;2021-12-31;6.01.02;Despesas a Serem Reembolsadas;19.0000000000;N
28.442.718/0001-57;2021-12-31;1;RIOLOAN 2 COMPANHIA SECURITIZADORA DE CRÉDITOS FINANCEIROS;024368;DF Individual - Demonstração do Fluxo de Caixa (Método Direto);REAL;MIL;PENÚLTIMO;2020-01-01;2020-12-31;6.01.04;Partes Relacionadas;0.0000000000;N
28.442.718/0001-57;2021-12-31;1;RIOLOAN 2 COMPANHIA SECURITIZADORA DE CRÉDITOS FINANCEIROS;024368;DF Individual - Demonstração do Fluxo de Caixa (Método Direto);REAL;MIL;ÚLTIMO;2021-01-01;2021-12-31;6.01.04;Partes Relacionadas;60.0000000000;N
28.442.718/0001-57;2021-12-31;1;RIOLOAN 2 COMPANHIA SECURITIZADORA DE CRÉDITOS FINANCEIROS;024368;DF Individual - Demonstração do Fluxo de Caixa (Método Direto);REAL;MIL;PENÚLTIMO;2020-01-01;2020-12-31;6.01.05;Impostos, taxas e contribuições;0.0000000000;N
28.442.718/0001-57;2021-12-31;1;RIOLOAN 2 COMPANHIA SECURITIZADORA DE CRÉDITOS FINANCEIROS;024368;DF Individual - Demonstração do Fluxo de Caixa (Método Direto);REAL;MIL;ÚLTIMO;2021-01-01;2021-12-31;6.01.05;Impostos, taxas e contribuições;-3.0000000000;N
28.442.718/0001-57;2021-12-31;1;RIOLOAN 2 COMPANHIA SECURITIZADORA DE CRÉDITOS FINANCEIROS;024368;DF Individual - Demonstração do Fluxo de Caixa (Método Direto);REAL;MIL;PENÚLTIMO;2020-01-01;2020-12-31;6.01.06;Resultado do Período;0.0000000000;N
28.442.718/0001-57;2021-12-31;1;RIOLOAN 2 COMPANHIA SECURITIZADORA DE CRÉDITOS FINANCEIROS;024368;DF Individual - Demonstração do Fluxo de Caixa (Método Direto);REAL;MIL;ÚLTIMO;2021-01-01;2021-12-31;6.01.06;Resultado do Período;-58.0000000000;N
28.442.718/0001-57;2021-12-31;1;RIOLOAN 2 COMPANHIA SECURITIZADORA DE CRÉDITOS FINANCEIROS;024368;DF Individual - Demonstração do Fluxo de Caixa (Método Direto);REAL;MIL;PENÚLTIMO;2020-01-01;2020-12-31;6.01.19;Contas a Pagar;-1360.0000000000;N
28.442.718/0001-57;2021-12-31;1;RIOLOAN 2 COMPANHIA SECURITIZADORA DE CRÉDITOS FINANCEIROS;024368;DF Individual - Demonstração do Fluxo de Caixa (Método Direto);REAL;MIL;ÚLTIMO;2021-01-01;2021-12-31;6.01.19;Contas a Pagar;-236.0000000000;N
28.442.718/0001-57;2021-12-31;1;RIOLOAN 2 COMPANHIA SECURITIZADORA DE CRÉDITOS FINANCEIROS;024368;DF Individual - Demonstração do Fluxo de Caixa (Método Direto);REAL;MIL;PENÚLTIMO;2020-01-01;2020-12-31;6.02;Caixa Líquido Atividades de Investimento;0.0000000000;S
28.442.718/0001-57;2021-12-31;1;RIOLOAN 2 COMPANHIA SECURITIZADORA DE CRÉDITOS FINANCEIROS;024368;DF Individual - Demonstração do Fluxo de Caixa (Método Direto);REAL;MIL;ÚLTIMO;2021-01-01;2021-12-31;6.02;Caixa Líquido Atividades de Investimento;0.0000000000;S
28.442.718/0001-57;2021-12-31;1;RIOLOAN 2 COMPANHIA SECURITIZADORA DE CRÉDITOS FINANCEIROS;024368;DF Individual - Demonstração do Fluxo de Caixa (Método Direto);REAL;MIL;PENÚLTIMO;2020-01-01;2020-12-31;6.03;Caixa Líquido Atividades de Financiamento;0.0000000000;S
28.442.718/0001-57;2021-12-31;1;RIOLOAN 2 COMPANHIA SECURITIZADORA DE CRÉDITOS FINANCEIROS;024368;DF Individual - Demonstração do Fluxo de Caixa (Método Direto);REAL;MIL;ÚLTIMO;2021-01-01;2021-12-31;6.03;Caixa Líquido Atividades de Financiamento;0.0000000000;S
28.442.718/0001-57;2021-12-31;1;RIOLOAN 2 COMPANHIA SECURITIZADORA DE CRÉDITOS FINANCEIROS;024368;DF Individual - Demonstração do Fluxo de Caixa (Método Direto);REAL;MIL;PENÚLTIMO;2020-01-01;2020-12-31;6.04;Variação Cambial s/ Caixa e Equivalentes;0.0000000000;S
28.442.718/0001-57;2021-12-31;1;RIOLOAN 2 COMPANHIA SECURITIZADORA DE CRÉDITOS FINANCEIROS;024368;DF Individual - Demonstração do Fluxo de Caixa (Método Direto);REAL;MIL;ÚLTIMO;2021-01-01;2021-12-31;6.04;Variação Cambial s/ Caixa e Equivalentes;0.0000000000;S
28.442.718/0001-57;2021-12-31;1;RIOLOAN 2 COMPANHIA SECURITIZADORA DE CRÉDITOS FINANCEIROS;024368;DF Individual - Demonstração do Fluxo de Caixa (Método Direto);REAL;MIL;PENÚLTIMO;2020-01-01;2020-12-31;6.05;Aumento (Redução) de Caixa e Equivalentes;-1374.0000000000;S
28.442.718/0001-57;2021-12-31;1;RIOLOAN 2 COMPANHIA SECURITIZADORA DE CRÉDITOS FINANCEIROS;024368;DF Individual - Demonstração do Fluxo de Caixa (Método Direto);REAL;MIL;ÚLTIMO;2021-01-01;2021-12-31;6.05;Aumento (Redução) de Caixa e Equivalentes;-202.0000000000;S
28.442.718/0001-57;2021-12-31;1;RIOLOAN 2 COMPANHIA SECURITIZADORA DE CRÉDITOS FINANCEIROS;024368;DF Individual - Demonstração do Fluxo de Caixa (Método Direto);REAL;MIL;PENÚLTIMO;2020-01-01;2020-12-31;6.05.01;Saldo Inicial de Caixa e Equivalentes;1577.0000000000;S
28.442.718/0001-57;2021-12-31;1;RIOLOAN 2 COMPANHIA SECURITIZADORA DE CRÉDITOS FINANCEIROS;024368;DF Individual - Demonstração do Fluxo de Caixa (Método Direto);REAL;MIL;ÚLTIMO;2021-01-01;2021-12-31;6.05.01;Saldo Inicial de Caixa e Equivalentes;203.0000000000;S
28.442.718/0001-57;2021-12-31;1;RIOLOAN 2 COMPANHIA SECURITIZADORA DE CRÉDITOS FINANCEIROS;024368;DF Individual - Demonstração do Fluxo de Caixa (Método Direto);REAL;MIL;PENÚLTIMO;2020-01-01;2020-12-31;6.05.02;Saldo Final de Caixa e Equivalentes;203.0000000000;S
28.442.718/0001-57;2021-12-31;1;RIOLOAN 2 COMPANHIA SECURITIZADORA DE CRÉDITOS FINANCEIROS;024368;DF Individual - Demonstração do Fluxo de Caixa (Método Direto);REAL;MIL;ÚLTIMO;2021-01-01;2021-12-31;6.05.02;Saldo Final de Caixa e Equivalentes;1.0000000000;S
30.540.991/0001-66;2021-12-31;1;HAGA S.A. INDUSTRIA E COMERCIO;013366;DF Individual - Demonstração do Fluxo de Caixa (Método Direto);REAL;UNIDADE;PENÚLTIMO;2020-01-01;2020-12-31;6.01;Caixa Líquido Atividades Operacionais;-749420.0000000000;S
30.540.991/0001-66;2021-12-31;1;HAGA S.A. INDUSTRIA E COMERCIO;013366;DF Individual - Demonstração do Fluxo de Caixa (Método Direto);REAL;UNIDADE;ÚLTIMO;2021-01-01;2021-12-31;6.01;Caixa Líquido Atividades Operacionais;5318754.0000000000;S
30.540.991/0001-66;2021-12-31;1;HAGA S.A. INDUSTRIA E COMERCIO;013366;DF Individual - Demonstração do Fluxo de Caixa (Método Direto);REAL;UNIDADE;PENÚLTIMO;2020-01-01;2020-12-31;6.02;Caixa Líquido Atividades de Investimento;-1320521.0000000000;S
30.540.991/0001-66;2021-12-31;1;HAGA S.A. INDUSTRIA E COMERCIO;013366;DF Individual - Demonstração do Fluxo de Caixa (Método Direto);REAL;UNIDADE;ÚLTIMO;2021-01-01;2021-12-31;6.02;Caixa Líquido Atividades de Investimento;-1614719.0000000000;S
30.540.991/0001-66;2021-12-31;1;HAGA S.A. INDUSTRIA E COMERCIO;013366;DF Individual - Demonstração do Fluxo de Caixa (Método Direto);REAL;UNIDADE;PENÚLTIMO;2020-01-01;2020-12-31;6.03;Caixa Líquido Atividades de Financiamento;-22619.0000000000;S
30.540.991/0001-66;2021-12-31;1;HAGA S.A. INDUSTRIA E COMERCIO;013366;DF Individual - Demonstração do Fluxo de Caixa (Método Direto);REAL;UNIDADE;ÚLTIMO;2021-01-01;2021-12-31;6.03;Caixa Líquido Atividades de Financiamento;-22619.0000000000;S
30.540.991/0001-66;2021-12-31;1;HAGA S.A. INDUSTRIA E COMERCIO;013366;DF Individual - Demonstração do Fluxo de Caixa (Método Direto);REAL;UNIDADE;PENÚLTIMO;2020-01-01;2020-12-31;6.04;Variação Cambial s/ Caixa e Equivalentes;0.0000000000;S
30.540.991/0001-66;2021-12-31;1;HAGA S.A. INDUSTRIA E COMERCIO;013366;DF Individual - Demonstração do Fluxo de Caixa (Método Direto);REAL;UNIDADE;ÚLTIMO;2021-01-01;2021-12-31;6.04;Variação Cambial s/ Caixa e Equivalentes;0.0000000000;S
30.540.991/0001-66;2021-12-31;1;HAGA S.A. INDUSTRIA E COMERCIO;013366;DF Individual - Demonstração do Fluxo de Caixa (Método Direto);REAL;UNIDADE;PENÚLTIMO;2020-01-01;2020-12-31;6.05;Aumento (Redução) de Caixa e Equivalentes;-2092560.0000000000;S
30.540.991/0001-66;2021-12-31;1;HAGA S.A. INDUSTRIA E COMERCIO;013366;DF Individual - Demonstração do Fluxo de Caixa (Método Direto);REAL;UNIDADE;ÚLTIMO;2021-01-01;2021-12-31;6.05;Aumento (Redução) de Caixa e Equivalentes;3681416.0000000000;S
30.540.991/0001-66;2021-12-31;1;HAGA S.A. INDUSTRIA E COMERCIO;013366;DF Individual - Demonstração do Fluxo de Caixa (Método Direto);REAL;UNIDADE;PENÚLTIMO;2020-01-01;2020-12-31;6.05.01;Saldo Inicial de Caixa e Equivalentes;25866756.0000000000;S
30.540.991/0001-66;2021-12-31;1;HAGA S.A. INDUSTRIA E COMERCIO;013366;DF Individual - Demonstração do Fluxo de Caixa (Método Direto);REAL;UNIDADE;ÚLTIMO;2021-01-01;2021-12-31;6.05.01;Saldo Inicial de Caixa e Equivalentes;23774196.0000000000;S
30.540.991/0001-66;2021-12-31;1;HAGA S.A. INDUSTRIA E COMERCIO;013366;DF Individual - Demonstração do Fluxo de Caixa (Método Direto);REAL;UNIDADE;PENÚLTIMO;2020-01-01;2020-12-31;6.05.02;Saldo Final de Caixa e Equivalentes;23774196.0000000000;S
30.540.991/0001-66;2021-12-31;1;HAGA S.A. INDUSTRIA E COMERCIO;013366;DF Individual - Demonstração do Fluxo de Caixa (Método Direto);REAL;UNIDADE;ÚLTIMO;2021-01-01;2021-12-31;6.05.02;Saldo Final de Caixa e Equivalentes;27455612.0000000000;S
33.376.989/0001-91;2021-12-31;1;IRB - BRASIL RESSEGUROS S.A.;024180;DF Individual - Demonstração do Fluxo de Caixa (Método Direto);REAL;MIL;PENÚLTIMO;2020-01-01;2020-12-31;6.01;Caixa Líquido Atividades Operacionais;-2385484.0000000000;S
33.376.989/0001-91;2021-12-31;1;IRB - BRASIL RESSEGUROS S.A.;024180;DF Individual - Demonstração do Fluxo de Caixa (Método Direto);REAL;MIL;ÚLTIMO;2021-01-01;2021-12-31;6.01;Caixa Líquido Atividades Operacionais;-186399.0000000000;S
33.376.989/0001-91;2021-12-31;1;IRB - BRASIL RESSEGUROS S.A.;024180;DF Individual - Demonstração do Fluxo de Caixa (Método Direto);REAL;MIL;PENÚLTIMO;2020-01-01;2020-12-31;6.01.01;Recebimentos de prêmios de seguro, contribuições de previdência e taxas de gestão e outras;9914131.0000000000;N
33.376.989/0001-91;2021-12-31;1;IRB - BRASIL RESSEGUROS S.A.;024180;DF Individual - Demonstração do Fluxo de Caixa (Método Direto);REAL;MIL;ÚLTIMO;2021-01-01;2021-12-31;6.01.01;Recebimentos de prêmios de seguro, contribuições de previdência e taxas de gestão e outras;9591200.0000000000;N
33.376.989/0001-91;2021-12-31;1;IRB - BRASIL RESSEGUROS S.A.;024180;DF Individual - Demonstração do Fluxo de Caixa (Método Direto);REAL;MIL;PENÚLTIMO;2020-01-01;2020-12-31;6.01.02;Recuperações de sinistros e comissões;1558621.0000000000;N
33.376.989/0001-91;2021-12-31;1;IRB - BRASIL RESSEGUROS S.A.;024180;DF Individual - Demonstração do Fluxo de Caixa (Método Direto);REAL;MIL;ÚLTIMO;2021-01-01;2021-12-31;6.01.02;Recuperações de sinistros e comissões;1229922.0000000000;N
33.376.989/0001-91;2021-12-31;1;IRB - BRASIL RESSEGUROS S.A.;024180;DF Individual - Demonstração do Fluxo de Caixa (Método Direto);REAL;MIL;PENÚLTIMO;2020-01-01;2020-12-31;6.01.03;Outros recebimentos operacionais (Salvados, Ressarcimentos e outros);66142.0000000000;N
33.376.989/0001-91;2021-12-31;1;IRB - BRASIL RESSEGUROS S.A.;024180;DF Individual - Demonstração do Fluxo de Caixa (Método Direto);REAL;MIL;ÚLTIMO;2021-01-01;2021-12-31;6.01.03;Outros recebimentos operacionais (Salvados, Ressarcimentos e outros);0.0000000000;N
33.376.989/0001-91;2021-12-31;1;IRB - BRASIL RESSEGUROS S.A.;024180;DF Individual - Demonstração do Fluxo de Caixa (Método Direto);REAL;MIL;PENÚLTIMO;2020-01-01;2020-12-31;6.01.04;Pagamentos de sinistros, benefícios, resgates e comissões;-8195799.0000000000;N
33.376.989/0001-91;2021-12-31;1;IRB - BRASIL RESSEGUROS S.A.;024180;DF Individual - Demonstração do Fluxo de Caixa (Método Direto);REAL;MIL;ÚLTIMO;2021-01-01;2021-12-31;6.01.04;Pagamentos de sinistros, benefícios, resgates e comissões;-7130793.0000000000;N
33.376.989/0001-91;2021-12-31;1;IRB - BRASIL RESSEGUROS S.A.;024180;DF Individual - Demonstração do Fluxo de Caixa (Método Direto);REAL;MIL;PENÚLTIMO;2020-01-01;2020-12-31;6.01.05;Repasses de prêmios por cessão de riscos;-2800682.0000000000;N
33.376.989/0001-91;2021-12-31;1;IRB - BRASIL RESSEGUROS S.A.;024180;DF Individual - Demonstração do Fluxo de Caixa (Método Direto);REAL;MIL;ÚLTIMO;2021-01-01;2021-12-31;6.01.05;Repasses de prêmios por cessão de riscos;-2879548.0000000000;N
33.376.989/0001-91;2021-12-31;1;IRB - BRASIL RESSEGUROS S.A.;024180;DF Individual - Demonstração do Fluxo de Caixa (Método Direto);REAL;MIL;PENÚLTIMO;2020-01-01;2020-12-31;6.01.06;Pagamentos de despesas e obrigações;-448915.0000000000;N
33.376.989/0001-91;2021-12-31;1;IRB - BRASIL RESSEGUROS S.A.;024180;DF Individual - Demonstração do Fluxo de Caixa (Método Direto);REAL;MIL;ÚLTIMO;2021-01-01;2021-12-31;6.01.06;Pagamentos de despesas e obrigações;-509541.0000000000;N
33.376.989/0001-91;2021-12-31;1;IRB - BRASIL RESSEGUROS S.A.;024180;DF Individual - Demonstração do Fluxo de Caixa (Método Direto);REAL;MIL;PENÚLTIMO;2020-01-01;2020-12-31;6.01.07;Outros pagamentos operacionais;0.0000000000;N
33.376.989/0001-91;2021-12-31;1;IRB - BRASIL RESSEGUROS S.A.;024180;DF Individual - Demonstração do Fluxo de Caixa (Método Direto);REAL;MIL;ÚLTIMO;2021-01-01;2021-12-31;6.01.07;Outros pagamentos operacionais;-339208.0000000000;N
33.376.989/0001-91;2021-12-31;1;IRB - BRASIL RESSEGUROS S.A.;024180;DF Individual - Demonstração do Fluxo de Caixa (Método Direto);REAL;MIL;PENÚLTIMO;2020-01-01;2020-12-31;6.01.08;Recebimento de aluguéis;0.0000000000;N
33.376.989/0001-91;2021-12-31;1;IRB - BRASIL RESSEGUROS S.A.;024180;DF Individual - Demonstração do Fluxo de Caixa (Método Direto);REAL;MIL;ÚLTIMO;2021-01-01;2021-12-31;6.01.08;Recebimento de aluguéis;0.0000000000;N
33.376.989/0001-91;2021-12-31;1;IRB - BRASIL RESSEGUROS S.A.;024180;DF Individual - Demonstração do Fluxo de Caixa (Método Direto);REAL;MIL;PENÚLTIMO;2020-01-01;2020-12-31;6.01.09;Recebimentos de juros e dividendos;324.0000000000;N
33.376.989/0001-91;2021-12-31;1;IRB - BRASIL RESSEGUROS S.A.;024180;DF Individual - Demonstração do Fluxo de Caixa (Método Direto);REAL;MIL;ÚLTIMO;2021-01-01;2021-12-31;6.01.09;Recebimentos de juros e dividendos;1635.0000000000;N
33.376.989/0001-91;2021-12-31;1;IRB - BRASIL RESSEGUROS S.A.;024180;DF Individual - Demonstração do Fluxo de Caixa (Método Direto);REAL;MIL;PENÚLTIMO;2020-01-01;2020-12-31;6.01.10;Reversão (constituição);18312.0000000000;N
33.376.989/0001-91;2021-12-31;1;IRB - BRASIL RESSEGUROS S.A.;024180;DF Individual - Demonstração do Fluxo de Caixa (Método Direto);REAL;MIL;ÚLTIMO;2021-01-01;2021-12-31;6.01.10;Reversão (constituição);-19879.0000000000;N
33.376.989/0001-91;2021-12-31;1;IRB - BRASIL RESSEGUROS S.A.;024180;DF Individual - Demonstração do Fluxo de Caixa (Método Direto);REAL;MIL;PENÚLTIMO;2020-01-01;2020-12-31;6.01.11;Aplicações de investimentos ao valor justo por meio do resultado;-8765167.0000000000;N
33.376.989/0001-91;2021-12-31;1;IRB - BRASIL RESSEGUROS S.A.;024180;DF Individual - Demonstração do Fluxo de Caixa (Método Direto);REAL;MIL;ÚLTIMO;2021-01-01;2021-12-31;6.01.11;Aplicações de investimentos ao valor justo por meio do resultado;-11655567.0000000000;N
33.376.989/0001-91;2021-12-31;1;IRB - BRASIL RESSEGUROS S.A.;024180;DF Individual - Demonstração do Fluxo de Caixa (Método Direto);REAL;MIL;PENÚLTIMO;2020-01-01;2020-12-31;6.01.12;Vendas e resgates de investimentos ao valor justo por meio do resultado;6331757.0000000000;N
33.376.989/0001-91;2021-12-31;1;IRB - BRASIL RESSEGUROS S.A.;024180;DF Individual - Demonstração do Fluxo de Caixa (Método Direto);REAL;MIL;ÚLTIMO;2021-01-01;2021-12-31;6.01.12;Vendas e resgates de investimentos ao valor justo por meio do resultado;11221414.0000000000;N
33.376.989/0001-91;2021-12-31;1;IRB - BRASIL RESSEGUROS S.A.;024180;DF Individual - Demonstração do Fluxo de Caixa (Método Direto);REAL;MIL;PENÚLTIMO;2020-01-01;2020-12-31;6.01.13;Impostos e contribuições pagos;-64208.0000000000;N
33.376.989/0001-91;2021-12-31;1;IRB - BRASIL RESSEGUROS S.A.;024180;DF Individual - Demonstração do Fluxo de Caixa (Método Direto);REAL;MIL;ÚLTIMO;2021-01-01;2021-12-31;6.01.13;Impostos e contribuições pagos;-168.0000000000;N
33.376.989/0001-91;2021-12-31;1;IRB - BRASIL RESSEGUROS S.A.;024180;DF Individual - Demonstração do Fluxo de Caixa (Método Direto);REAL;MIL;PENÚLTIMO;2020-01-01;2020-12-31;6.01.14;Recebimento acordo judicial;0.0000000000;N
33.376.989/0001-91;2021-12-31;1;IRB - BRASIL RESSEGUROS S.A.;024180;DF Individual - Demonstração do Fluxo de Caixa (Método Direto);REAL;MIL;ÚLTIMO;2021-01-01;2021-12-31;6.01.14;Recebimento acordo judicial;358158.0000000000;N
33.376.989/0001-91;2021-12-31;1;IRB - BRASIL RESSEGUROS S.A.;024180;DF Individual - Demonstração do Fluxo de Caixa (Método Direto);REAL;MIL;PENÚLTIMO;2020-01-01;2020-12-31;6.01.15;Juros Pagos;0.0000000000;N
33.376.989/0001-91;2021-12-31;1;IRB - BRASIL RESSEGUROS S.A.;024180;DF Individual - Demonstração do Fluxo de Caixa (Método Direto);REAL;MIL;ÚLTIMO;2021-01-01;2021-12-31;6.01.15;Juros Pagos;-54024.0000000000;N
33.376.989/0001-91;2021-12-31;1;IRB - BRASIL RESSEGUROS S.A.;024180;DF Individual - Demonstração do Fluxo de Caixa (Método Direto);REAL;MIL;PENÚLTIMO;2020-01-01;2020-12-31;6.02;Caixa Líquido Atividades de Investimento;-360213.0000000000;S
33.376.989/0001-91;2021-12-31;1;IRB - BRASIL RESSEGUROS S.A.;024180;DF Individual - Demonstração do Fluxo de Caixa (Método Direto);REAL;MIL;ÚLTIMO;2021-01-01;2021-12-31;6.02;Caixa Líquido Atividades de Investimento;187512.0000000000;S
33.376.989/0001-91;2021-12-31;1;IRB - BRASIL RESSEGUROS S.A.;024180;DF Individual - Demonstração do Fluxo de Caixa (Método Direto);REAL;MIL;PENÚLTIMO;2020-01-01;2020-12-31;6.02.01;Aplicações de investimentos disponíveis para venda;-5993989.0000000000;N
33.376.989/0001-91;2021-12-31;1;IRB - BRASIL RESSEGUROS S.A.;024180;DF Individual - Demonstração do Fluxo de Caixa (Método Direto);REAL;MIL;ÚLTIMO;2021-01-01;2021-12-31;6.02.01;Aplicações de investimentos disponíveis para venda;-3304258.0000000000;N
33.376.989/0001-91;2021-12-31;1;IRB - BRASIL RESSEGUROS S.A.;024180;DF Individual - Demonstração do Fluxo de Caixa (Método Direto);REAL;MIL;PENÚLTIMO;2020-01-01;2020-12-31;6.02.02;Vendas e resgates de investimentos disponíveis para venda;4843505.0000000000;N
33.376.989/0001-91;2021-12-31;1;IRB - BRASIL RESSEGUROS S.A.;024180;DF Individual - Demonstração do Fluxo de Caixa (Método Direto);REAL;MIL;ÚLTIMO;2021-01-01;2021-12-31;6.02.02;Vendas e resgates de investimentos disponíveis para venda;3531687.0000000000;N
33.376.989/0001-91;2021-12-31;1;IRB - BRASIL RESSEGUROS S.A.;024180;DF Individual - Demonstração do Fluxo de Caixa (Método Direto);REAL;MIL;PENÚLTIMO;2020-01-01;2020-12-31;6.02.03;Aplicações de investimentos mantidos até o vencimento;0.0000000000;N
33.376.989/0001-91;2021-12-31;1;IRB - BRASIL RESSEGUROS S.A.;024180;DF Individual - Demonstração do Fluxo de Caixa (Método Direto);REAL;MIL;ÚLTIMO;2021-01-01;2021-12-31;6.02.03;Aplicações de investimentos mantidos até o vencimento;0.0000000000;N
33.376.989/0001-91;2021-12-31;1;IRB - BRASIL RESSEGUROS S.A.;024180;DF Individual - Demonstração do Fluxo de Caixa (Método Direto);REAL;MIL;PENÚLTIMO;2020-01-01;2020-12-31;6.02.04;Recebimento de investimentos mantidos até o vencimento;0.0000000000;N
33.376.989/0001-91;2021-12-31;1;IRB - BRASIL RESSEGUROS S.A.;024180;DF Individual - Demonstração do Fluxo de Caixa (Método Direto);REAL;MIL;ÚLTIMO;2021-01-01;2021-12-31;6.02.04;Recebimento de investimentos mantidos até o vencimento;0.0000000000;N
33.376.989/0001-91;2021-12-31;1;IRB - BRASIL RESSEGUROS S.A.;024180;DF Individual - Demonstração do Fluxo de Caixa (Método Direto);REAL;MIL;PENÚLTIMO;2020-01-01;2020-12-31;6.02.05;Pagamento pela compra de ativo permanente - Imobilizado;-3514.0000000000;N
33.376.989/0001-91;2021-12-31;1;IRB - BRASIL RESSEGUROS S.A.;024180;DF Individual - Demonstração do Fluxo de Caixa (Método Direto);REAL;MIL;ÚLTIMO;2021-01-01;2021-12-31;6.02.05;Pagamento pela compra de ativo permanente - Imobilizado;-5174.0000000000;N
33.376.989/0001-91;2021-12-31;1;IRB - BRASIL RESSEGUROS S.A.;024180;DF Individual - Demonstração do Fluxo de Caixa (Método Direto);REAL;MIL;PENÚLTIMO;2020-01-01;2020-12-31;6.02.06;Pagamento pela compra de ativo permanente - Intangível;-56567.0000000000;N
33.376.989/0001-91;2021-12-31;1;IRB - BRASIL RESSEGUROS S.A.;024180;DF Individual - Demonstração do Fluxo de Caixa (Método Direto);REAL;MIL;ÚLTIMO;2021-01-01;2021-12-31;6.02.06;Pagamento pela compra de ativo permanente - Intangível;-55250.0000000000;N
33.376.989/0001-91;2021-12-31;1;IRB - BRASIL RESSEGUROS S.A.;024180;DF Individual - Demonstração do Fluxo de Caixa (Método Direto);REAL;MIL;PENÚLTIMO;2020-01-01;2020-12-31;6.02.07;Recebimento pela Venda - Imobilizado;9575.0000000000;N
33.376.989/0001-91;2021-12-31;1;IRB - BRASIL RESSEGUROS S.A.;024180;DF Individual - Demonstração do Fluxo de Caixa (Método Direto);REAL;MIL;ÚLTIMO;2021-01-01;2021-12-31;6.02.07;Recebimento pela Venda - Imobilizado;0.0000000000;N
33.376.989/0001-91;2021-12-31;1;IRB - BRASIL RESSEGUROS S.A.;024180;DF Individual - Demonstração do Fluxo de Caixa (Método Direto);REAL;MIL;PENÚLTIMO;2020-01-01;2020-12-31;6.02.08;Dividendos recebidos - Participações societárias (Controladas);359534.0000000000;N
33.376.989/0001-91;2021-12-31;1;IRB - BRASIL RESSEGUROS S.A.;024180;DF Individual - Demonstração do Fluxo de Caixa (Método Direto);REAL;MIL;ÚLTIMO;2021-01-01;2021-12-31;6.02.08;Dividendos recebidos - Participações societárias (Controladas);32312.0000000000;N
33.376.989/0001-91;2021-12-31;1;IRB - BRASIL RESSEGUROS S.A.;024180;DF Individual - Demonstração do Fluxo de Caixa (Método Direto);REAL;MIL;PENÚLTIMO;2020-01-01;2020-12-31;6.02.09;Pagamento pela compra de ativo permanente - Investimentos;0.0000000000;N
33.376.989/0001-91;2021-12-31;1;IRB - BRASIL RESSEGUROS S.A.;024180;DF Individual - Demonstração do Fluxo de Caixa (Método Direto);REAL;MIL;ÚLTIMO;2021-01-01;2021-12-31;6.02.09;Pagamento pela compra de ativo permanente - Investimentos;-10880.0000000000;N
33.376.989/0001-91;2021-12-31;1;IRB - BRASIL RESSEGUROS S.A.;024180;DF Individual - Demonstração do Fluxo de Caixa (Método Direto);REAL;MIL;PENÚLTIMO;2020-01-01;2020-12-31;6.02.10;Pagamento de arrendamento mercantil;-3608.0000000000;N
33.376.989/0001-91;2021-12-31;1;IRB - BRASIL RESSEGUROS S.A.;024180;DF Individual - Demonstração do Fluxo de Caixa (Método Direto);REAL;MIL;ÚLTIMO;2021-01-01;2021-12-31;6.02.10;Pagamento de arrendamento mercantil;-925.0000000000;N
33.376.989/0001-91;2021-12-31;1;IRB - BRASIL RESSEGUROS S.A.;024180;DF Individual - Demonstração do Fluxo de Caixa (Método Direto);REAL;MIL;PENÚLTIMO;2020-01-01;2020-12-31;6.02.11;Recebimento pela venda - Investimentos;0.0000000000;N
33.376.989/0001-91;2021-12-31;1;IRB - BRASIL RESSEGUROS S.A.;024180;DF Individual - Demonstração do Fluxo de Caixa (Método Direto);REAL;MIL;ÚLTIMO;2021-01-01;2021-12-31;6.02.11;Recebimento pela venda - Investimentos;0.0000000000;N
33.376.989/0001-91;2021-12-31;1;IRB - BRASIL RESSEGUROS S.A.;024180;DF Individual - Demonstração do Fluxo de Caixa (Método Direto);REAL;MIL;PENÚLTIMO;2020-01-01;2020-12-31;6.02.12;Redução - Participações Societárias;484851.0000000000;N
33.376.989/0001-91;2021-12-31;1;IRB - BRASIL RESSEGUROS S.A.;024180;DF Individual - Demonstração do Fluxo de Caixa (Método Direto);REAL;MIL;ÚLTIMO;2021-01-01;2021-12-31;6.02.12;Redução - Participações Societárias;0.0000000000;N
33.376.989/0001-91;2021-12-31;1;IRB - BRASIL RESSEGUROS S.A.;024180;DF Individual - Demonstração do Fluxo de Caixa (Método Direto);REAL;MIL;PENÚLTIMO;2020-01-01;2020-12-31;6.03;Caixa Líquido Atividades de Financiamento;2813420.0000000000;S
33.376.989/0001-91;2021-12-31;1;IRB - BRASIL RESSEGUROS S.A.;024180;DF Individual - Demonstração do Fluxo de Caixa (Método Direto);REAL;MIL;ÚLTIMO;2021-01-01;2021-12-31;6.03;Caixa Líquido Atividades de Financiamento;-25919.0000000000;S
33.376.989/0001-91;2021-12-31;1;IRB - BRASIL RESSEGUROS S.A.;024180;DF Individual - Demonstração do Fluxo de Caixa (Método Direto);REAL;MIL;PENÚLTIMO;2020-01-01;2020-12-31;6.03.01;Aumento de capital;2300000.0000000000;N
33.376.989/0001-91;2021-12-31;1;IRB - BRASIL RESSEGUROS S.A.;024180;DF Individual - Demonstração do Fluxo de Caixa (Método Direto);REAL;MIL;ÚLTIMO;2021-01-01;2021-12-31;6.03.01;Aumento de capital;0.0000000000;N
33.376.989/0001-91;2021-12-31;1;IRB - BRASIL RESSEGUROS S.A.;024180;DF Individual - Demonstração do Fluxo de Caixa (Método Direto);REAL;MIL;PENÚLTIMO;2020-01-01;2020-12-31;6.03.02;Distribuição de dividendos e juros sobre o capital próprio;0.0000000000;N
33.376.989/0001-91;2021-12-31;1;IRB - BRASIL RESSEGUROS S.A.;024180;DF Individual - Demonstração do Fluxo de Caixa (Método Direto);REAL;MIL;ÚLTIMO;2021-01-01;2021-12-31;6.03.02;Distribuição de dividendos e juros sobre o capital próprio;-24815.0000000000;N
33.376.989/0001-91;2021-12-31;1;IRB - BRASIL RESSEGUROS S.A.;024180;DF Individual - Demonstração do Fluxo de Caixa (Método Direto);REAL;MIL;PENÚLTIMO;2020-01-01;2020-12-31;6.03.03;Aquisição das próprias ações;-270870.0000000000;N
33.376.989/0001-91;2021-12-31;1;IRB - BRASIL RESSEGUROS S.A.;024180;DF Individual - Demonstração do Fluxo de Caixa (Método Direto);REAL;MIL;ÚLTIMO;2021-01-01;2021-12-31;6.03.03;Aquisição das próprias ações;0.0000000000;N
33.376.989/0001-91;2021-12-31;1;IRB - BRASIL RESSEGUROS S.A.;024180;DF Individual - Demonstração do Fluxo de Caixa (Método Direto);REAL;MIL;PENÚLTIMO;2020-01-01;2020-12-31;6.03.04;Ágio na emissão de ações;1006.0000000000;N
33.376.989/0001-91;2021-12-31;1;IRB - BRASIL RESSEGUROS S.A.;024180;DF Individual - Demonstração do Fluxo de Caixa (Método Direto);REAL;MIL;ÚLTIMO;2021-01-01;2021-12-31;6.03.04;Ágio na emissão de ações;0.0000000000;N
33.376.989/0001-91;2021-12-31;1;IRB - BRASIL RESSEGUROS S.A.;024180;DF Individual - Demonstração do Fluxo de Caixa (Método Direto);REAL;MIL;PENÚLTIMO;2020-01-01;2020-12-31;6.03.05;Gasto com emissão de ações;-33556.0000000000;N
33.376.989/0001-91;2021-12-31;1;IRB - BRASIL RESSEGUROS S.A.;024180;DF Individual - Demonstração do Fluxo de Caixa (Método Direto);REAL;MIL;ÚLTIMO;2021-01-01;2021-12-31;6.03.05;Gasto com emissão de ações;0.0000000000;N
33.376.989/0001-91;2021-12-31;1;IRB - BRASIL RESSEGUROS S.A.;024180;DF Individual - Demonstração do Fluxo de Caixa (Método Direto);REAL;MIL;PENÚLTIMO;2020-01-01;2020-12-31;6.03.06;Emissão de debentures;826632.0000000000;N
33.376.989/0001-91;2021-12-31;1;IRB - BRASIL RESSEGUROS S.A.;024180;DF Individual - Demonstração do Fluxo de Caixa (Método Direto);REAL;MIL;ÚLTIMO;2021-01-01;2021-12-31;6.03.06;Emissão de debentures;0.0000000000;N
33.376.989/0001-91;2021-12-31;1;IRB - BRASIL RESSEGUROS S.A.;024180;DF Individual - Demonstração do Fluxo de Caixa (Método Direto);REAL;MIL;PENÚLTIMO;2020-01-01;2020-12-31;6.03.07;Custo na emissão de debentures;-9792.0000000000;N
33.376.989/0001-91;2021-12-31;1;IRB - BRASIL RESSEGUROS S.A.;024180;DF Individual - Demonstração do Fluxo de Caixa (Método Direto);REAL;MIL;ÚLTIMO;2021-01-01;2021-12-31;6.03.07;Custo na emissão de debentures;-1104.0000000000;N
33.376.989/0001-91;2021-12-31;1;IRB - BRASIL RESSEGUROS S.A.;024180;DF Individual - Demonstração do Fluxo de Caixa (Método Direto);REAL;MIL;PENÚLTIMO;2020-01-01;2020-12-31;6.04;Variação Cambial s/ Caixa e Equivalentes;-78428.0000000000;S
33.376.989/0001-91;2021-12-31;1;IRB - BRASIL RESSEGUROS S.A.;024180;DF Individual - Demonstração do Fluxo de Caixa (Método Direto);REAL;MIL;ÚLTIMO;2021-01-01;2021-12-31;6.04;Variação Cambial s/ Caixa e Equivalentes;18847.0000000000;S
33.376.989/0001-91;2021-12-31;1;IRB - BRASIL RESSEGUROS S.A.;024180;DF Individual - Demonstração do Fluxo de Caixa (Método Direto);REAL;MIL;PENÚLTIMO;2020-01-01;2020-12-31;6.05;Aumento (Redução) de Caixa e Equivalentes;-10705.0000000000;S
33.376.989/0001-91;2021-12-31;1;IRB - BRASIL RESSEGUROS S.A.;024180;DF Individual - Demonstração do Fluxo de Caixa (Método Direto);REAL;MIL;ÚLTIMO;2021-01-01;2021-12-31;6.05;Aumento (Redução) de Caixa e Equivalentes;-5959.0000000000;S
33.376.989/0001-91;2021-12-31;1;IRB - BRASIL RESSEGUROS S.A.;024180;DF Individual - Demonstração do Fluxo de Caixa (Método Direto);REAL;MIL;PENÚLTIMO;2020-01-01;2020-12-31;6.05.01;Saldo Inicial de Caixa e Equivalentes;24895.0000000000;S
33.376.989/0001-91;2021-12-31;1;IRB - BRASIL RESSEGUROS S.A.;024180;DF Individual - Demonstração do Fluxo de Caixa (Método Direto);REAL;MIL;ÚLTIMO;2021-01-01;2021-12-31;6.05.01;Saldo Inicial de Caixa e Equivalentes;14190.0000000000;S
33.376.989/0001-91;2021-12-31;1;IRB - BRASIL RESSEGUROS S.A.;024180;DF Individual - Demonstração do Fluxo de Caixa (Método Direto);REAL;MIL;PENÚLTIMO;2020-01-01;2020-12-31;6.05.02;Saldo Final de Caixa e Equivalentes;14190.0000000000;S
33.376.989/0001-91;2021-12-31;1;IRB - BRASIL RESSEGUROS S.A.;024180;DF Individual - Demonstração do Fluxo de Caixa (Método Direto);REAL;MIL;ÚLTIMO;2021-01-01;2021-12-31;6.05.02;Saldo Final de Caixa e Equivalentes;8231.0000000000;S
38.482.780/0001-26;2021-12-31;1;ANEMUS WIND HOLDING S.A.;026832;DF Individual - Demonstração do Fluxo de Caixa (Método Direto);REAL;MIL;PENÚLTIMO;2020-01-01;2020-12-31;6.01;Caixa Líquido Atividades Operacionais;0.0000000000;S
38.482.780/0001-26;2021-12-31;1;ANEMUS WIND HOLDING S.A.;026832;DF Individual - Demonstração do Fluxo de Caixa (Método Direto);REAL;MIL;ÚLTIMO;2021-01-01;2021-12-31;6.01;Caixa Líquido Atividades Operacionais;-6999.0000000000;S
38.482.780/0001-26;2021-12-31;1;ANEMUS WIND HOLDING S.A.;026832;DF Individual - Demonstração do Fluxo de Caixa (Método Direto);REAL;MIL;PENÚLTIMO;2020-01-01;2020-12-31;6.01.01;Prejuízo do exercício;-185.0000000000;N
38.482.780/0001-26;2021-12-31;1;ANEMUS WIND HOLDING S.A.;026832;DF Individual - Demonstração do Fluxo de Caixa (Método Direto);REAL;MIL;ÚLTIMO;2021-01-01;2021-12-31;6.01.01;Prejuízo do exercício;-8873.0000000000;N
38.482.780/0001-26;2021-12-31;1;ANEMUS WIND HOLDING S.A.;026832;DF Individual - Demonstração do Fluxo de Caixa (Método Direto);REAL;MIL;PENÚLTIMO;2020-01-01;2020-12-31;6.01.02;Juros incorridos;0.0000000000;N
38.482.780/0001-26;2021-12-31;1;ANEMUS WIND HOLDING S.A.;026832;DF Individual - Demonstração do Fluxo de Caixa (Método Direto);REAL;MIL;ÚLTIMO;2021-01-01;2021-12-31;6.01.02;Juros incorridos;-23.0000000000;N
38.482.780/0001-26;2021-12-31;1;ANEMUS WIND HOLDING S.A.;026832;DF Individual - Demonstração do Fluxo de Caixa (Método Direto);REAL;MIL;PENÚLTIMO;2020-01-01;2020-12-31;6.01.03;Variação cambial em títulos e valores mobiliários;0.0000000000;N
38.482.780/0001-26;2021-12-31;1;ANEMUS WIND HOLDING S.A.;026832;DF Individual - Demonstração do Fluxo de Caixa (Método Direto);REAL;MIL;ÚLTIMO;2021-01-01;2021-12-31;6.01.03;Variação cambial em títulos e valores mobiliários;-11395.0000000000;N
38.482.780/0001-26;2021-12-31;1;ANEMUS WIND HOLDING S.A.;026832;DF Individual - Demonstração do Fluxo de Caixa (Método Direto);REAL;MIL;PENÚLTIMO;2020-01-01;2020-12-31;6.01.04;Equivalência patrimonial;185.0000000000;N
38.482.780/0001-26;2021-12-31;1;ANEMUS WIND HOLDING S.A.;026832;DF Individual - Demonstração do Fluxo de Caixa (Método Direto);REAL;MIL;ÚLTIMO;2021-01-01;2021-12-31;6.01.04;Equivalência patrimonial;3100.0000000000;N
38.482.780/0001-26;2021-12-31;1;ANEMUS WIND HOLDING S.A.;026832;DF Individual - Demonstração do Fluxo de Caixa (Método Direto);REAL;MIL;PENÚLTIMO;2020-01-01;2020-12-31;6.01.05;Tributos diferidos;0.0000000000;N
38.482.780/0001-26;2021-12-31;1;ANEMUS WIND HOLDING S.A.;026832;DF Individual - Demonstração do Fluxo de Caixa (Método Direto);REAL;MIL;ÚLTIMO;2021-01-01;2021-12-31;6.01.05;Tributos diferidos;10192.0000000000;N
38.482.780/0001-26;2021-12-31;1;ANEMUS WIND HOLDING S.A.;026832;DF Individual - Demonstração do Fluxo de Caixa (Método Direto);REAL;MIL;PENÚLTIMO;2020-01-01;2020-12-31;6.01.06;Outros ativos circulantes;-10.0000000000;N
38.482.780/0001-26;2021-12-31;1;ANEMUS WIND HOLDING S.A.;026832;DF Individual - Demonstração do Fluxo de Caixa (Método Direto);REAL;MIL;ÚLTIMO;2021-01-01;2021-12-31;6.01.06;Outros ativos circulantes;10.0000000000;N
38.482.780/0001-26;2021-12-31;1;ANEMUS WIND HOLDING S.A.;026832;DF Individual - Demonstração do Fluxo de Caixa (Método Direto);REAL;MIL;PENÚLTIMO;2020-01-01;2020-12-31;6.01.07;Tributos e contribuições a recuperar;0.0000000000;N
38.482.780/0001-26;2021-12-31;1;ANEMUS WIND HOLDING S.A.;026832;DF Individual - Demonstração do Fluxo de Caixa (Método Direto);REAL;MIL;ÚLTIMO;2021-01-01;2021-12-31;6.01.07;Tributos e contribuições a recuperar;-2755.0000000000;N
38.482.780/0001-26;2021-12-31;1;ANEMUS WIND HOLDING S.A.;026832;DF Individual - Demonstração do Fluxo de Caixa (Método Direto);REAL;MIL;PENÚLTIMO;2020-01-01;2020-12-31;6.01.08;Fornecedores;0.0000000000;N
38.482.780/0001-26;2021-12-31;1;ANEMUS WIND HOLDING S.A.;026832;DF Individual - Demonstração do Fluxo de Caixa (Método Direto);REAL;MIL;ÚLTIMO;2021-01-01;2021-12-31;6.01.08;Fornecedores;238.0000000000;N
38.482.780/0001-26;2021-12-31;1;ANEMUS WIND HOLDING S.A.;026832;DF Individual - Demonstração do Fluxo de Caixa (Método Direto);REAL;MIL;PENÚLTIMO;2020-01-01;2020-12-31;6.01.09;Provisões;0.0000000000;N
38.482.780/0001-26;2021-12-31;1;ANEMUS WIND HOLDING S.A.;026832;DF Individual - Demonstração do Fluxo de Caixa (Método Direto);REAL;MIL;ÚLTIMO;2021-01-01;2021-12-31;6.01.09;Provisões;157.0000000000;N
38.482.780/0001-26;2021-12-31;1;ANEMUS WIND HOLDING S.A.;026832;DF Individual - Demonstração do Fluxo de Caixa (Método Direto);REAL;MIL;PENÚLTIMO;2020-01-01;2020-12-31;6.01.10;Obrigações tributárias;0.0000000000;N
38.482.780/0001-26;2021-12-31;1;ANEMUS WIND HOLDING S.A.;026832;DF Individual - Demonstração do Fluxo de Caixa (Método Direto);REAL;MIL;ÚLTIMO;2021-01-01;2021-12-31;6.01.10;Obrigações tributárias;1154.0000000000;N
38.482.780/0001-26;2021-12-31;1;ANEMUS WIND HOLDING S.A.;026832;DF Individual - Demonstração do Fluxo de Caixa (Método Direto);REAL;MIL;PENÚLTIMO;2020-01-01;2020-12-31;6.01.11;Outras contas a pagar;10.0000000000;N
38.482.780/0001-26;2021-12-31;1;ANEMUS WIND HOLDING S.A.;026832;DF Individual - Demonstração do Fluxo de Caixa (Método Direto);REAL;MIL;ÚLTIMO;2021-01-01;2021-12-31;6.01.11;Outras contas a pagar;-12.0000000000;N
38.482.780/0001-26;2021-12-31;1;ANEMUS WIND HOLDING S.A.;026832;DF Individual - Demonstração do Fluxo de Caixa (Método Direto);REAL;MIL;PENÚLTIMO;2020-01-01;2020-12-31;6.02;Caixa Líquido Atividades de Investimento;-8025.0000000000;S
38.482.780/0001-26;2021-12-31;1;ANEMUS WIND HOLDING S.A.;026832;DF Individual - Demonstração do Fluxo de Caixa (Método Direto);REAL;MIL;ÚLTIMO;2021-01-01;2021-12-31;6.02;Caixa Líquido Atividades de Investimento;-629337.0000000000;S
38.482.780/0001-26;2021-12-31;1;ANEMUS WIND HOLDING S.A.;026832;DF Individual - Demonstração do Fluxo de Caixa (Método Direto);REAL;MIL;PENÚLTIMO;2020-01-01;2020-12-31;6.02.01;Caixa restrito;0.0000000000;N
38.482.780/0001-26;2021-12-31;1;ANEMUS WIND HOLDING S.A.;026832;DF Individual - Demonstração do Fluxo de Caixa (Método Direto);REAL;MIL;ÚLTIMO;2021-01-01;2021-12-31;6.02.01;Caixa restrito;-477669.0000000000;N
38.482.780/0001-26;2021-12-31;1;ANEMUS WIND HOLDING S.A.;026832;DF Individual - Demonstração do Fluxo de Caixa (Método Direto);REAL;MIL;PENÚLTIMO;2020-01-01;2020-12-31;6.02.02;Resgates caixa restrito;0.0000000000;N
38.482.780/0001-26;2021-12-31;1;ANEMUS WIND HOLDING S.A.;026832;DF Individual - Demonstração do Fluxo de Caixa (Método Direto);REAL;MIL;ÚLTIMO;2021-01-01;2021-12-31;6.02.02;Resgates caixa restrito;224476.0000000000;N
38.482.780/0001-26;2021-12-31;1;ANEMUS WIND HOLDING S.A.;026832;DF Individual - Demonstração do Fluxo de Caixa (Método Direto);REAL;MIL;PENÚLTIMO;2020-01-01;2020-12-31;6.02.03;Aplicação em títulos e valores mobiliários;0.0000000000;N
38.482.780/0001-26;2021-12-31;1;ANEMUS WIND HOLDING S.A.;026832;DF Individual - Demonstração do Fluxo de Caixa (Método Direto);REAL;MIL;ÚLTIMO;2021-01-01;2021-12-31;6.02.03;Aplicação em títulos e valores mobiliários;-152000.0000000000;N
38.482.780/0001-26;2021-12-31;1;ANEMUS WIND HOLDING S.A.;026832;DF Individual - Demonstração do Fluxo de Caixa (Método Direto);REAL;MIL;PENÚLTIMO;2020-01-01;2020-12-31;6.02.04;Resgate em títulos e valores mobiliários;0.0000000000;N
38.482.780/0001-26;2021-12-31;1;ANEMUS WIND HOLDING S.A.;026832;DF Individual - Demonstração do Fluxo de Caixa (Método Direto);REAL;MIL;ÚLTIMO;2021-01-01;2021-12-31;6.02.04;Resgate em títulos e valores mobiliários;1972.0000000000;N
38.482.780/0001-26;2021-12-31;1;ANEMUS WIND HOLDING S.A.;026832;DF Individual - Demonstração do Fluxo de Caixa (Método Direto);REAL;MIL;PENÚLTIMO;2020-01-01;2020-12-31;6.02.05;Investimentos em controladas;-8025.0000000000;N
38.482.780/0001-26;2021-12-31;1;ANEMUS WIND HOLDING S.A.;026832;DF Individual - Demonstração do Fluxo de Caixa (Método Direto);REAL;MIL;ÚLTIMO;2021-01-01;2021-12-31;6.02.05;Investimentos em controladas;-226116.0000000000;N
38.482.780/0001-26;2021-12-31;1;ANEMUS WIND HOLDING S.A.;026832;DF Individual - Demonstração do Fluxo de Caixa (Método Direto);REAL;MIL;PENÚLTIMO;2020-01-01;2020-12-31;6.03;Caixa Líquido Atividades de Financiamento;8025.0000000000;S
38.482.780/0001-26;2021-12-31;1;ANEMUS WIND HOLDING S.A.;026832;DF Individual - Demonstração do Fluxo de Caixa (Método Direto);REAL;MIL;ÚLTIMO;2021-01-01;2021-12-31;6.03;Caixa Líquido Atividades de Financiamento;649911.0000000000;S
38.482.780/0001-26;2021-12-31;1;ANEMUS WIND HOLDING S.A.;026832;DF Individual - Demonstração do Fluxo de Caixa (Método Direto);REAL;MIL;PENÚLTIMO;2020-01-01;2020-12-31;6.03.01;Partes relacionadas;0.0000000000;N
38.482.780/0001-26;2021-12-31;1;ANEMUS WIND HOLDING S.A.;026832;DF Individual - Demonstração do Fluxo de Caixa (Método Direto);REAL;MIL;ÚLTIMO;2021-01-01;2021-12-31;6.03.01;Partes relacionadas;164.0000000000;N
38.482.780/0001-26;2021-12-31;1;ANEMUS WIND HOLDING S.A.;026832;DF Individual - Demonstração do Fluxo de Caixa (Método Direto);REAL;MIL;PENÚLTIMO;2020-01-01;2020-12-31;6.03.02;Captação de debêntures;0.0000000000;N
38.482.780/0001-26;2021-12-31;1;ANEMUS WIND HOLDING S.A.;026832;DF Individual - Demonstração do Fluxo de Caixa (Método Direto);REAL;MIL;ÚLTIMO;2021-01-01;2021-12-31;6.03.02;Captação de debêntures;475000.0000000000;N
38.482.780/0001-26;2021-12-31;1;ANEMUS WIND HOLDING S.A.;026832;DF Individual - Demonstração do Fluxo de Caixa (Método Direto);REAL;MIL;PENÚLTIMO;2020-01-01;2020-12-31;6.03.03;Aporte de capital;8025.0000000000;N
38.482.780/0001-26;2021-12-31;1;ANEMUS WIND HOLDING S.A.;026832;DF Individual - Demonstração do Fluxo de Caixa (Método Direto);REAL;MIL;ÚLTIMO;2021-01-01;2021-12-31;6.03.03;Aporte de capital;181287.0000000000;N
38.482.780/0001-26;2021-12-31;1;ANEMUS WIND HOLDING S.A.;026832;DF Individual - Demonstração do Fluxo de Caixa (Método Direto);REAL;MIL;PENÚLTIMO;2020-01-01;2020-12-31;6.03.04;Custo de captação;0.0000000000;N
38.482.780/0001-26;2021-12-31;1;ANEMUS WIND HOLDING S.A.;026832;DF Individual - Demonstração do Fluxo de Caixa (Método Direto);REAL;MIL;ÚLTIMO;2021-01-01;2021-12-31;6.03.04;Custo de captação;-6540.0000000000;N
38.482.780/0001-26;2021-12-31;1;ANEMUS WIND HOLDING S.A.;026832;DF Individual - Demonstração do Fluxo de Caixa (Método Direto);REAL;MIL;PENÚLTIMO;2020-01-01;2020-12-31;6.04;Variação Cambial s/ Caixa e Equivalentes;0.0000000000;S
38.482.780/0001-26;2021-12-31;1;ANEMUS WIND HOLDING S.A.;026832;DF Individual - Demonstração do Fluxo de Caixa (Método Direto);REAL;MIL;ÚLTIMO;2021-01-01;2021-12-31;6.04;Variação Cambial s/ Caixa e Equivalentes;0.0000000000;S
38.482.780/0001-26;2021-12-31;1;ANEMUS WIND HOLDING S.A.;026832;DF Individual - Demonstração do Fluxo de Caixa (Método Direto);REAL;MIL;PENÚLTIMO;2020-01-01;2020-12-31;6.05;Aumento (Redução) de Caixa e Equivalentes;0.0000000000;S
38.482.780/0001-26;2021-12-31;1;ANEMUS WIND HOLDING S.A.;026832;DF Individual - Demonstração do Fluxo de Caixa (Método Direto);REAL;MIL;ÚLTIMO;2021-01-01;2021-12-31;6.05;Aumento (Redução) de Caixa e Equivalentes;0.0000000000;S
38.482.780/0001-26;2021-12-31;1;ANEMUS WIND HOLDING S.A.;026832;DF Individual - Demonstração do Fluxo de Caixa (Método Direto);REAL;MIL;PENÚLTIMO;2020-01-01;2020-12-31;6.05.01;Saldo Inicial de Caixa e Equivalentes;0.0000000000;S
38.482.780/0001-26;2021-12-31;1;ANEMUS WIND HOLDING S.A.;026832;DF Individual - Demonstração do Fluxo de Caixa (Método Direto);REAL;MIL;ÚLTIMO;2021-01-01;2021-12-31;6.05.01;Saldo Inicial de Caixa e Equivalentes;0.0000000000;S
38.482.780/0001-26;2021-12-31;1;ANEMUS WIND HOLDING S.A.;026832;DF Individual - Demonstração do Fluxo de Caixa (Método Direto);REAL;MIL;PENÚLTIMO;2020-01-01;2020-12-31;6.05.02;Saldo Final de Caixa e Equivalentes;0.0000000000;S
38.482.780/0001-26;2021-12-31;1;ANEMUS WIND HOLDING S.A.;026832;DF Individual - Demonstração do Fluxo de Caixa (Método Direto);REAL;MIL;ÚLTIMO;2021-01-01;2021-12-31;6.05.02;Saldo Final de Caixa e Equivalentes;12367.0000000000;S
38.543.489/0001-10;2021-12-31;1;AMAZONE FUN PARKS S.A.;026930;DF Individual - Demonstração do Fluxo de Caixa (Método Direto);REAL;UNIDADE;PENÚLTIMO;2020-06-22;2020-12-31;6.01;Caixa Líquido Atividades Operacionais;-134367.0000000000;S
38.543.489/0001-10;2021-12-31;1;AMAZONE FUN PARKS S.A.;026930;DF Individual - Demonstração do Fluxo de Caixa (Método Direto);REAL;UNIDADE;ÚLTIMO;2021-01-01;2021-12-31;6.01;Caixa Líquido Atividades Operacionais;-246803.0000000000;S
38.543.489/0001-10;2021-12-31;1;AMAZONE FUN PARKS S.A.;026930;DF Individual - Demonstração do Fluxo de Caixa (Método Direto);REAL;UNIDADE;PENÚLTIMO;2020-06-22;2020-12-31;6.01.01;Caixa Gerado nas Operações;-135290.0000000000;N
38.543.489/0001-10;2021-12-31;1;AMAZONE FUN PARKS S.A.;026930;DF Individual - Demonstração do Fluxo de Caixa (Método Direto);REAL;UNIDADE;ÚLTIMO;2021-01-01;2021-12-31;6.01.01;Caixa Gerado nas Operações;-333212.0000000000;N
38.543.489/0001-10;2021-12-31;1;AMAZONE FUN PARKS S.A.;026930;DF Individual - Demonstração do Fluxo de Caixa (Método Direto);REAL;UNIDADE;PENÚLTIMO;2020-06-22;2020-12-31;6.01.02;Variação nos ativos e passivos;923.0000000000;N
38.543.489/0001-10;2021-12-31;1;AMAZONE FUN PARKS S.A.;026930;DF Individual - Demonstração do Fluxo de Caixa (Método Direto);REAL;UNIDADE;ÚLTIMO;2021-01-01;2021-12-31;6.01.02;Variação nos ativos e passivos;86409.0000000000;N
38.543.489/0001-10;2021-12-31;1;AMAZONE FUN PARKS S.A.;026930;DF Individual - Demonstração do Fluxo de Caixa (Método Direto);REAL;UNIDADE;PENÚLTIMO;2020-06-22;2020-12-31;6.02;Caixa Líquido Atividades de Investimento;0.0000000000;S
38.543.489/0001-10;2021-12-31;1;AMAZONE FUN PARKS S.A.;026930;DF Individual - Demonstração do Fluxo de Caixa (Método Direto);REAL;UNIDADE;ÚLTIMO;2021-01-01;2021-12-31;6.02;Caixa Líquido Atividades de Investimento;-3439148.0000000000;S
38.543.489/0001-10;2021-12-31;1;AMAZONE FUN PARKS S.A.;026930;DF Individual - Demonstração do Fluxo de Caixa (Método Direto);REAL;UNIDADE;PENÚLTIMO;2020-06-22;2020-12-31;6.02.01;Investimentos realizados;0.0000000000;N
38.543.489/0001-10;2021-12-31;1;AMAZONE FUN PARKS S.A.;026930;DF Individual - Demonstração do Fluxo de Caixa (Método Direto);REAL;UNIDADE;ÚLTIMO;2021-01-01;2021-12-31;6.02.01;Investimentos realizados;-3439148.0000000000;N
38.543.489/0001-10;2021-12-31;1;AMAZONE FUN PARKS S.A.;026930;DF Individual - Demonstração do Fluxo de Caixa (Método Direto);REAL;UNIDADE;PENÚLTIMO;2020-06-22;2020-12-31;6.03;Caixa Líquido Atividades de Financiamento;219181.0000000000;S
38.543.489/0001-10;2021-12-31;1;AMAZONE FUN PARKS S.A.;026930;DF Individual - Demonstração do Fluxo de Caixa (Método Direto);REAL;UNIDADE;ÚLTIMO;2021-01-01;2021-12-31;6.03;Caixa Líquido Atividades de Financiamento;3612004.0000000000;S
38.543.489/0001-10;2021-12-31;1;AMAZONE FUN PARKS S.A.;026930;DF Individual - Demonstração do Fluxo de Caixa (Método Direto);REAL;UNIDADE;PENÚLTIMO;2020-06-22;2020-12-31;6.03.01;Integralização de capital social;100000.0000000000;N
38.543.489/0001-10;2021-12-31;1;AMAZONE FUN PARKS S.A.;026930;DF Individual - Demonstração do Fluxo de Caixa (Método Direto);REAL;UNIDADE;ÚLTIMO;2021-01-01;2021-12-31;6.03.01;Integralização de capital social;0.0000000000;N
38.543.489/0001-10;2021-12-31;1;AMAZONE FUN PARKS S.A.;026930;DF Individual - Demonstração do Fluxo de Caixa (Método Direto);REAL;UNIDADE;PENÚLTIMO;2020-06-22;2020-12-31;6.03.02;Adiantamento para futuro aumento de capital;2731.0000000000;N
38.543.489/0001-10;2021-12-31;1;AMAZONE FUN PARKS S.A.;026930;DF Individual - Demonstração do Fluxo de Caixa (Método Direto);REAL;UNIDADE;ÚLTIMO;2021-01-01;2021-12-31;6.03.02;Adiantamento para futuro aumento de capital;0.0000000000;N
38.543.489/0001-10;2021-12-31;1;AMAZONE FUN PARKS S.A.;026930;DF Individual - Demonstração do Fluxo de Caixa (Método Direto);REAL;UNIDADE;PENÚLTIMO;2020-06-22;2020-12-31;6.03.03;Captação de empréstimos e financiamentos;116450.0000000000;N
38.543.489/0001-10;2021-12-31;1;AMAZONE FUN PARKS S.A.;026930;DF Individual - Demonstração do Fluxo de Caixa (Método Direto);REAL;UNIDADE;ÚLTIMO;2021-01-01;2021-12-31;6.03.03;Captação de empréstimos e financiamentos;3612004.0000000000;N
38.543.489/0001-10;2021-12-31;1;AMAZONE FUN PARKS S.A.;026930;DF Individual - Demonstração do Fluxo de Caixa (Método Direto);REAL;UNIDADE;PENÚLTIMO;2020-06-22;2020-12-31;6.04;Variação Cambial s/ Caixa e Equivalentes;0.0000000000;S
38.543.489/0001-10;2021-12-31;1;AMAZONE FUN PARKS S.A.;026930;DF Individual - Demonstração do Fluxo de Caixa (Método Direto);REAL;UNIDADE;ÚLTIMO;2021-01-01;2021-12-31;6.04;Variação Cambial s/ Caixa e Equivalentes;0.0000000000;S
38.543.489/0001-10;2021-12-31;1;AMAZONE FUN PARKS S.A.;026930;DF Individual - Demonstração do Fluxo de Caixa (Método Direto);REAL;UNIDADE;PENÚLTIMO;2020-06-22;2020-12-31;6.05;Aumento (Redução) de Caixa e Equivalentes;84814.0000000000;S
38.543.489/0001-10;2021-12-31;1;AMAZONE FUN PARKS S.A.;026930;DF Individual - Demonstração do Fluxo de Caixa (Método Direto);REAL;UNIDADE;ÚLTIMO;2021-01-01;2021-12-31;6.05;Aumento (Redução) de Caixa e Equivalentes;-73947.0000000000;S
38.543.489/0001-10;2021-12-31;1;AMAZONE FUN PARKS S.A.;026930;DF Individual - Demonstração do Fluxo de Caixa (Método Direto);REAL;UNIDADE;PENÚLTIMO;2020-06-22;2020-12-31;6.05.01;Saldo Inicial de Caixa e Equivalentes;0.0000000000;S
38.543.489/0001-10;2021-12-31;1;AMAZONE FUN PARKS S.A.;026930;DF Individual - Demonstração do Fluxo de Caixa (Método Direto);REAL;UNIDADE;ÚLTIMO;2021-01-01;2021-12-31;6.05.01;Saldo Inicial de Caixa e Equivalentes;84814.0000000000;S
38.543.489/0001-10;2021-12-31;1;AMAZONE FUN PARKS S.A.;026930;DF Individual - Demonstração do Fluxo de Caixa (Método Direto);REAL;UNIDADE;PENÚLTIMO;2020-06-22;2020-12-31;6.05.02;Saldo Final de Caixa e Equivalentes;84814.0000000000;S
38.543.489/0001-10;2021-12-31;1;AMAZONE FUN PARKS S.A.;026930;DF Individual - Demonstração do Fluxo de Caixa (Método Direto);REAL;UNIDADE;ÚLTIMO;2021-01-01;2021-12-31;6.05.02;Saldo Final de Caixa e Equivalentes;10867.0000000000;S
40.760.921/0001-77;2021-12-31;1;HUMAITA SECURITIZADORA S/A;025968;DF Individual - Demonstração do Fluxo de Caixa (Método Direto);REAL;UNIDADE;PENÚLTIMO;2020-12-04;2020-12-31;6.01;Caixa Líquido Atividades Operacionais;0.0000000000;S
40.760.921/0001-77;2021-12-31;1;HUMAITA SECURITIZADORA S/A;025968;DF Individual - Demonstração do Fluxo de Caixa (Método Direto);REAL;UNIDADE;ÚLTIMO;2021-12-04;2021-12-31;6.01;Caixa Líquido Atividades Operacionais;-7921.0000000000;S
40.760.921/0001-77;2021-12-31;1;HUMAITA SECURITIZADORA S/A;025968;DF Individual - Demonstração do Fluxo de Caixa (Método Direto);REAL;UNIDADE;PENÚLTIMO;2020-12-04;2020-12-31;6.02;Caixa Líquido Atividades de Investimento;0.0000000000;S
40.760.921/0001-77;2021-12-31;1;HUMAITA SECURITIZADORA S/A;025968;DF Individual - Demonstração do Fluxo de Caixa (Método Direto);REAL;UNIDADE;ÚLTIMO;2021-12-04;2021-12-31;6.02;Caixa Líquido Atividades de Investimento;-900.0000000000;S
40.760.921/0001-77;2021-12-31;1;HUMAITA SECURITIZADORA S/A;025968;DF Individual - Demonstração do Fluxo de Caixa (Método Direto);REAL;UNIDADE;PENÚLTIMO;2020-12-04;2020-12-31;6.03;Caixa Líquido Atividades de Financiamento;1000.0000000000;S
40.760.921/0001-77;2021-12-31;1;HUMAITA SECURITIZADORA S/A;025968;DF Individual - Demonstração do Fluxo de Caixa (Método Direto);REAL;UNIDADE;ÚLTIMO;2021-12-04;2021-12-31;6.03;Caixa Líquido Atividades de Financiamento;9000.0000000000;S
40.760.921/0001-77;2021-12-31;1;HUMAITA SECURITIZADORA S/A;025968;DF Individual - Demonstração do Fluxo de Caixa (Método Direto);REAL;UNIDADE;PENÚLTIMO;2020-12-04;2020-12-31;6.04;Variação Cambial s/ Caixa e Equivalentes;0.0000000000;S
40.760.921/0001-77;2021-12-31;1;HUMAITA SECURITIZADORA S/A;025968;DF Individual - Demonstração do Fluxo de Caixa (Método Direto);REAL;UNIDADE;ÚLTIMO;2021-12-04;2021-12-31;6.04;Variação Cambial s/ Caixa e Equivalentes;0.0000000000;S
40.760.921/0001-77;2021-12-31;1;HUMAITA SECURITIZADORA S/A;025968;DF Individual - Demonstração do Fluxo de Caixa (Método Direto);REAL;UNIDADE;PENÚLTIMO;2020-12-04;2020-12-31;6.05;Aumento (Redução) de Caixa e Equivalentes;1000.0000000000;S
40.760.921/0001-77;2021-12-31;1;HUMAITA SECURITIZADORA S/A;025968;DF Individual - Demonstração do Fluxo de Caixa (Método Direto);REAL;UNIDADE;ÚLTIMO;2021-12-04;2021-12-31;6.05;Aumento (Redução) de Caixa e Equivalentes;179.0000000000;S
40.760.921/0001-77;2021-12-31;1;HUMAITA SECURITIZADORA S/A;025968;DF Individual - Demonstração do Fluxo de Caixa (Método Direto);REAL;UNIDADE;PENÚLTIMO;2020-12-04;2020-12-31;6.05.01;Saldo Inicial de Caixa e Equivalentes;0.0000000000;S
40.760.921/0001-77;2021-12-31;1;HUMAITA SECURITIZADORA S/A;025968;DF Individual - Demonstração do Fluxo de Caixa (Método Direto);REAL;UNIDADE;ÚLTIMO;2021-12-04;2021-12-31;6.05.01;Saldo Inicial de Caixa e Equivalentes;1000.0000000000;S
40.760.921/0001-77;2021-12-31;1;HUMAITA SECURITIZADORA S/A;025968;DF Individual - Demonstração do Fluxo de Caixa (Método Direto);REAL;UNIDADE;PENÚLTIMO;2020-12-04;2020-12-31;6.05.02;Saldo Final de Caixa e Equivalentes;1000.0000000000;S
40.760.921/0001-77;2021-12-31;1;HUMAITA SECURITIZADORA S/A;025968;DF Individual - Demonstração do Fluxo de Caixa (Método Direto);REAL;UNIDADE;ÚLTIMO;2021-12-04;2021-12-31;6.05.02;Saldo Final de Caixa e Equivalentes;1179.0000000000;S
42.603.513/0001-37;2021-12-31;1;TRUE SECURITIZADORA DE CREDITOS FINANCEIROS IV S.A.;026492;DF Individual - Demonstração do Fluxo de Caixa (Método Direto);REAL;UNIDADE;ÚLTIMO;2021-05-04;2021-12-31;6.01;Caixa Líquido Atividades Operacionais;-558.0000000000;S
42.603.513/0001-37;2021-12-31;1;TRUE SECURITIZADORA DE CREDITOS FINANCEIROS IV S.A.;026492;DF Individual - Demonstração do Fluxo de Caixa (Método Direto);REAL;UNIDADE;ÚLTIMO;2021-05-04;2021-12-31;6.02;Caixa Líquido Atividades de Investimento;0.0000000000;S
42.603.513/0001-37;2021-12-31;1;TRUE SECURITIZADORA DE CREDITOS FINANCEIROS IV S.A.;026492;DF Individual - Demonstração do Fluxo de Caixa (Método Direto);REAL;UNIDADE;ÚLTIMO;2021-05-04;2021-12-31;6.03;Caixa Líquido Atividades de Financiamento;1000.0000000000;S
42.603.513/0001-37;2021-12-31;1;TRUE SECURITIZADORA DE CREDITOS FINANCEIROS IV S.A.;026492;DF Individual - Demonstração do Fluxo de Caixa (Método Direto);REAL;UNIDADE;ÚLTIMO;2021-05-04;2021-12-31;6.04;Variação Cambial s/ Caixa e Equivalentes;0.0000000000;S
42.603.513/0001-37;2021-12-31;1;TRUE SECURITIZADORA DE CREDITOS FINANCEIROS IV S.A.;026492;DF Individual - Demonstração do Fluxo de Caixa (Método Direto);REAL;UNIDADE;ÚLTIMO;2021-05-04;2021-12-31;6.05;Aumento (Redução) de Caixa e Equivalentes;442.0000000000;S
42.603.513/0001-37;2021-12-31;1;TRUE SECURITIZADORA DE CREDITOS FINANCEIROS IV S.A.;026492;DF Individual - Demonstração do Fluxo de Caixa (Método Direto);REAL;UNIDADE;ÚLTIMO;2021-05-04;2021-12-31;6.05.01;Saldo Inicial de Caixa e Equivalentes;0.0000000000;S
42.603.513/0001-37;2021-12-31;1;TRUE SECURITIZADORA DE CREDITOS FINANCEIROS IV S.A.;026492;DF Individual - Demonstração do Fluxo de Caixa (Método Direto);REAL;UNIDADE;ÚLTIMO;2021-05-04;2021-12-31;6.05.02;Saldo Final de Caixa e Equivalentes;442.0000000000;S
42.737.954/0001-21;2021-12-31;1;INTER & CO, INC.;080217;DF Individual - Demonstração do Fluxo de Caixa (Método Direto);REAL;MIL;PENÚLTIMO;2020-01-01;2020-12-31;6.01;Caixa Líquido Atividades Operacionais;0.0000000000;S
42.737.954/0001-21;2021-12-31;1;INTER & CO, INC.;080217;DF Individual - Demonstração do Fluxo de Caixa (Método Direto);REAL;MIL;ÚLTIMO;2021-01-01;2021-12-31;6.01;Caixa Líquido Atividades Operacionais;0.0000000000;S
42.737.954/0001-21;2021-12-31;1;INTER & CO, INC.;080217;DF Individual - Demonstração do Fluxo de Caixa (Método Direto);REAL;MIL;PENÚLTIMO;2020-01-01;2020-12-31;6.02;Caixa Líquido Atividades de Investimento;0.0000000000;S
42.737.954/0001-21;2021-12-31;1;INTER & CO, INC.;080217;DF Individual - Demonstração do Fluxo de Caixa (Método Direto);REAL;MIL;ÚLTIMO;2021-01-01;2021-12-31;6.02;Caixa Líquido Atividades de Investimento;0.0000000000;S
42.737.954/0001-21;2021-12-31;1;INTER & CO, INC.;080217;DF Individual - Demonstração do Fluxo de Caixa (Método Direto);REAL;MIL;PENÚLTIMO;2020-01-01;2020-12-31;6.03;Caixa Líquido Atividades de Financiamento;0.0000000000;S
42.737.954/0001-21;2021-12-31;1;INTER & CO, INC.;080217;DF Individual - Demonstração do Fluxo de Caixa (Método Direto);REAL;MIL;ÚLTIMO;2021-01-01;2021-12-31;6.03;Caixa Líquido Atividades de Financiamento;0.0000000000;S
42.737.954/0001-21;2021-12-31;1;INTER & CO, INC.;080217;DF Individual - Demonstração do Fluxo de Caixa (Método Direto);REAL;MIL;PENÚLTIMO;2020-01-01;2020-12-31;6.04;Variação Cambial s/ Caixa e Equivalentes;0.0000000000;S
42.737.954/0001-21;2021-12-31;1;INTER & CO, INC.;080217;DF Individual - Demonstração do Fluxo de Caixa (Método Direto);REAL;MIL;ÚLTIMO;2021-01-01;2021-12-31;6.04;Variação Cambial s/ Caixa e Equivalentes;0.0000000000;S
42.737.954/0001-21;2021-12-31;1;INTER & CO, INC.;080217;DF Individual - Demonstração do Fluxo de Caixa (Método Direto);REAL;MIL;PENÚLTIMO;2020-01-01;2020-12-31;6.05;Aumento (Redução) de Caixa e Equivalentes;0.0000000000;S
42.737.954/0001-21;2021-12-31;1;INTER & CO, INC.;080217;DF Individual - Demonstração do Fluxo de Caixa (Método Direto);REAL;MIL;ÚLTIMO;2021-01-01;2021-12-31;6.05;Aumento (Redução) de Caixa e Equivalentes;0.0000000000;S
42.737.954/0001-21;2021-12-31;1;INTER & CO, INC.;080217;DF Individual - Demonstração do Fluxo de Caixa (Método Direto);REAL;MIL;PENÚLTIMO;2020-01-01;2020-12-31;6.05.01;Saldo Inicial de Caixa e Equivalentes;0.0000000000;S
42.737.954/0001-21;2021-12-31;1;INTER & CO, INC.;080217;DF Individual - Demonstração do Fluxo de Caixa (Método Direto);REAL;MIL;ÚLTIMO;2021-01-01;2021-12-31;6.05.01;Saldo Inicial de Caixa e Equivalentes;0.0000000000;S
42.737.954/0001-21;2021-12-31;1;INTER & CO, INC.;080217;DF Individual - Demonstração do Fluxo de Caixa (Método Direto);REAL;MIL;PENÚLTIMO;2020-01-01;2020-12-31;6.05.02;Saldo Final de Caixa e Equivalentes;0.0000000000;S
42.737.954/0001-21;2021-12-31;1;INTER & CO, INC.;080217;DF Individual - Demonstração do Fluxo de Caixa (Método Direto);REAL;MIL;ÚLTIMO;2021-01-01;2021-12-31;6.05.02;Saldo Final de Caixa e Equivalentes;0.0000000000;S
56.444.250/0001-75;2021-12-31;1;HAUSCENTER SA;014850;DF Individual - Demonstração do Fluxo de Caixa (Método Direto);REAL;MIL;PENÚLTIMO;2020-01-01;2020-12-31;6.01;Caixa Líquido Atividades Operacionais;3448.0000000000;S
56.444.250/0001-75;2021-12-31;1;HAUSCENTER SA;014850;DF Individual - Demonstração do Fluxo de Caixa (Método Direto);REAL;MIL;ÚLTIMO;2021-01-01;2021-12-31;6.01;Caixa Líquido Atividades Operacionais;2913.0000000000;S
56.444.250/0001-75;2021-12-31;1;HAUSCENTER SA;014850;DF Individual - Demonstração do Fluxo de Caixa (Método Direto);REAL;MIL;PENÚLTIMO;2020-01-01;2020-12-31;6.01.01;Vls recebidos de clientes;4870.0000000000;N
56.444.250/0001-75;2021-12-31;1;HAUSCENTER SA;014850;DF Individual - Demonstração do Fluxo de Caixa (Método Direto);REAL;MIL;ÚLTIMO;2021-01-01;2021-12-31;6.01.01;Vls recebidos de clientes;620.0000000000;N
56.444.250/0001-75;2021-12-31;1;HAUSCENTER SA;014850;DF Individual - Demonstração do Fluxo de Caixa (Método Direto);REAL;MIL;PENÚLTIMO;2020-01-01;2020-12-31;6.01.02;Vls pagos a fornecedores e empregados;-676.0000000000;N
56.444.250/0001-75;2021-12-31;1;HAUSCENTER SA;014850;DF Individual - Demonstração do Fluxo de Caixa (Método Direto);REAL;MIL;ÚLTIMO;2021-01-01;2021-12-31;6.01.02;Vls pagos a fornecedores e empregados;-1637.0000000000;N
56.444.250/0001-75;2021-12-31;1;HAUSCENTER SA;014850;DF Individual - Demonstração do Fluxo de Caixa (Método Direto);REAL;MIL;PENÚLTIMO;2020-01-01;2020-12-31;6.01.03;Tributos pagos;-590.0000000000;N
56.444.250/0001-75;2021-12-31;1;HAUSCENTER SA;014850;DF Individual - Demonstração do Fluxo de Caixa (Método Direto);REAL;MIL;ÚLTIMO;2021-01-01;2021-12-31;6.01.03;Tributos pagos;-319.0000000000;N
56.444.250/0001-75;2021-12-31;1;HAUSCENTER SA;014850;DF Individual - Demonstração do Fluxo de Caixa (Método Direto);REAL;MIL;PENÚLTIMO;2020-01-01;2020-12-31;6.01.04;Rendimentos de aplic.curtíssimo prazo;2.0000000000;N
56.444.250/0001-75;2021-12-31;1;HAUSCENTER SA;014850;DF Individual - Demonstração do Fluxo de Caixa (Método Direto);REAL;MIL;ÚLTIMO;2021-01-01;2021-12-31;6.01.04;Rendimentos de aplic.curtíssimo prazo;119.0000000000;N
56.444.250/0001-75;2021-12-31;1;HAUSCENTER SA;014850;DF Individual - Demonstração do Fluxo de Caixa (Método Direto);REAL;MIL;PENÚLTIMO;2020-01-01;2020-12-31;6.01.05;IRRF s/rendimentos recebidos;-1.0000000000;N
56.444.250/0001-75;2021-12-31;1;HAUSCENTER SA;014850;DF Individual - Demonstração do Fluxo de Caixa (Método Direto);REAL;MIL;ÚLTIMO;2021-01-01;2021-12-31;6.01.05;IRRF s/rendimentos recebidos;-13.0000000000;N
56.444.250/0001-75;2021-12-31;1;HAUSCENTER SA;014850;DF Individual - Demonstração do Fluxo de Caixa (Método Direto);REAL;MIL;PENÚLTIMO;2020-01-01;2020-12-31;6.01.06;Outros recebimentos e pagamentos líquidos;-157.0000000000;N
56.444.250/0001-75;2021-12-31;1;HAUSCENTER SA;014850;DF Individual - Demonstração do Fluxo de Caixa (Método Direto);REAL;MIL;ÚLTIMO;2021-01-01;2021-12-31;6.01.06;Outros recebimentos e pagamentos líquidos;4143.0000000000;N
56.444.250/0001-75;2021-12-31;1;HAUSCENTER SA;014850;DF Individual - Demonstração do Fluxo de Caixa (Método Direto);REAL;MIL;PENÚLTIMO;2020-01-01;2020-12-31;6.01.07;Pgto/Antecipação IRPJ/CSLL;0.0000000000;N
56.444.250/0001-75;2021-12-31;1;HAUSCENTER SA;014850;DF Individual - Demonstração do Fluxo de Caixa (Método Direto);REAL;MIL;ÚLTIMO;2021-01-01;2021-12-31;6.01.07;Pgto/Antecipação IRPJ/CSLL;0.0000000000;N
56.444.250/0001-75;2021-12-31;1;HAUSCENTER SA;014850;DF Individual - Demonstração do Fluxo de Caixa (Método Direto);REAL;MIL;PENÚLTIMO;2020-01-01;2020-12-31;6.02;Caixa Líquido Atividades de Investimento;-12.0000000000;S
56.444.250/0001-75;2021-12-31;1;HAUSCENTER SA;014850;DF Individual - Demonstração do Fluxo de Caixa (Método Direto);REAL;MIL;ÚLTIMO;2021-01-01;2021-12-31;6.02;Caixa Líquido Atividades de Investimento;0.0000000000;S
56.444.250/0001-75;2021-12-31;1;HAUSCENTER SA;014850;DF Individual - Demonstração do Fluxo de Caixa (Método Direto);REAL;MIL;PENÚLTIMO;2020-01-01;2020-12-31;6.02.01;Aquisições de imobilizado;-12.0000000000;N
56.444.250/0001-75;2021-12-31;1;HAUSCENTER SA;014850;DF Individual - Demonstração do Fluxo de Caixa (Método Direto);REAL;MIL;ÚLTIMO;2021-01-01;2021-12-31;6.02.01;Aquisições de imobilizado;0.0000000000;N
56.444.250/0001-75;2021-12-31;1;HAUSCENTER SA;014850;DF Individual - Demonstração do Fluxo de Caixa (Método Direto);REAL;MIL;PENÚLTIMO;2020-01-01;2020-12-31;6.03;Caixa Líquido Atividades de Financiamento;-3281.0000000000;S
56.444.250/0001-75;2021-12-31;1;HAUSCENTER SA;014850;DF Individual - Demonstração do Fluxo de Caixa (Método Direto);REAL;MIL;ÚLTIMO;2021-01-01;2021-12-31;6.03;Caixa Líquido Atividades de Financiamento;-257.0000000000;S
56.444.250/0001-75;2021-12-31;1;HAUSCENTER SA;014850;DF Individual - Demonstração do Fluxo de Caixa (Método Direto);REAL;MIL;PENÚLTIMO;2020-01-01;2020-12-31;6.03.01;Remuneração de debêntures;-3281.0000000000;N
56.444.250/0001-75;2021-12-31;1;HAUSCENTER SA;014850;DF Individual - Demonstração do Fluxo de Caixa (Método Direto);REAL;MIL;ÚLTIMO;2021-01-01;2021-12-31;6.03.01;Remuneração de debêntures;-257.0000000000;N
56.444.250/0001-75;2021-12-31;1;HAUSCENTER SA;014850;DF Individual - Demonstração do Fluxo de Caixa (Método Direto);REAL;MIL;PENÚLTIMO;2020-01-01;2020-12-31;6.04;Variação Cambial s/ Caixa e Equivalentes;0.0000000000;S
56.444.250/0001-75;2021-12-31;1;HAUSCENTER SA;014850;DF Individual - Demonstração do Fluxo de Caixa (Método Direto);REAL;MIL;ÚLTIMO;2021-01-01;2021-12-31;6.04;Variação Cambial s/ Caixa e Equivalentes;0.0000000000;S
56.444.250/0001-75;2021-12-31;1;HAUSCENTER SA;014850;DF Individual - Demonstração do Fluxo de Caixa (Método Direto);REAL;MIL;PENÚLTIMO;2020-01-01;2020-12-31;6.05;Aumento (Redução) de Caixa e Equivalentes;155.0000000000;S
56.444.250/0001-75;2021-12-31;1;HAUSCENTER SA;014850;DF Individual - Demonstração do Fluxo de Caixa (Método Direto);REAL;MIL;ÚLTIMO;2021-01-01;2021-12-31;6.05;Aumento (Redução) de Caixa e Equivalentes;2656.0000000000;S
56.444.250/0001-75;2021-12-31;1;HAUSCENTER SA;014850;DF Individual - Demonstração do Fluxo de Caixa (Método Direto);REAL;MIL;PENÚLTIMO;2020-01-01;2020-12-31;6.05.01;Saldo Inicial de Caixa e Equivalentes;296.0000000000;S
56.444.250/0001-75;2021-12-31;1;HAUSCENTER SA;014850;DF Individual - Demonstração do Fluxo de Caixa (Método Direto);REAL;MIL;ÚLTIMO;2021-01-01;2021-12-31;6.05.01;Saldo Inicial de Caixa e Equivalentes;451.0000000000;S
56.444.250/0001-75;2021-12-31;1;HAUSCENTER SA;014850;DF Individual - Demonstração do Fluxo de Caixa (Método Direto);REAL;MIL;PENÚLTIMO;2020-01-01;2020-12-31;6.05.02;Saldo Final de Caixa e Equivalentes;451.0000000000;S
56.444.250/0001-75;2021-12-31;1;HAUSCENTER SA;014850;DF Individual - Demonstração do Fluxo de Caixa (Método Direto);REAL;MIL;ÚLTIMO;2021-01-01;2021-12-31;6.05.02;Saldo Final de Caixa e Equivalentes;3107.0000000000;S
60.537.263/0001-66;2021-12-31;2;ALLPARK EMPREENDIMENTOS, PARTICIPAÇÕES E SERVIÇOS S.A.;024953;DF Individual - Demonstração do Fluxo de Caixa (Método Direto);REAL;MIL;PENÚLTIMO;2020-01-01;2020-12-31;6.01;Caixa Líquido Atividades Operacionais;46005.0000000000;S
60.537.263/0001-66;2021-12-31;2;ALLPARK EMPREENDIMENTOS, PARTICIPAÇÕES E SERVIÇOS S.A.;024953;DF Individual - Demonstração do Fluxo de Caixa (Método Direto);REAL;MIL;ÚLTIMO;2021-01-01;2021-12-31;6.01;Caixa Líquido Atividades Operacionais;85356.0000000000;S
60.537.263/0001-66;2021-12-31;2;ALLPARK EMPREENDIMENTOS, PARTICIPAÇÕES E SERVIÇOS S.A.;024953;DF Individual - Demonstração do Fluxo de Caixa (Método Direto);REAL;MIL;PENÚLTIMO;2020-01-01;2020-12-31;6.02;Caixa Líquido Atividades de Investimento;-414356.0000000000;S
60.537.263/0001-66;2021-12-31;2;ALLPARK EMPREENDIMENTOS, PARTICIPAÇÕES E SERVIÇOS S.A.;024953;DF Individual - Demonstração do Fluxo de Caixa (Método Direto);REAL;MIL;ÚLTIMO;2021-01-01;2021-12-31;6.02;Caixa Líquido Atividades de Investimento;-89880.0000000000;S
60.537.263/0001-66;2021-12-31;2;ALLPARK EMPREENDIMENTOS, PARTICIPAÇÕES E SERVIÇOS S.A.;024953;DF Individual - Demonstração do Fluxo de Caixa (Método Direto);REAL;MIL;PENÚLTIMO;2020-01-01;2020-12-31;6.03;Caixa Líquido Atividades de Financiamento;300128.0000000000;S
60.537.263/0001-66;2021-12-31;2;ALLPARK EMPREENDIMENTOS, PARTICIPAÇÕES E SERVIÇOS S.A.;024953;DF Individual - Demonstração do Fluxo de Caixa (Método Direto);REAL;MIL;ÚLTIMO;2021-01-01;2021-12-31;6.03;Caixa Líquido Atividades de Financiamento;54369.0000000000;S
60.537.263/0001-66;2021-12-31;2;ALLPARK EMPREENDIMENTOS, PARTICIPAÇÕES E SERVIÇOS S.A.;024953;DF Individual - Demonstração do Fluxo de Caixa (Método Direto);REAL;MIL;PENÚLTIMO;2020-01-01;2020-12-31;6.04;Variação Cambial s/ Caixa e Equivalentes;0.0000000000;S
60.537.263/0001-66;2021-12-31;2;ALLPARK EMPREENDIMENTOS, PARTICIPAÇÕES E SERVIÇOS S.A.;024953;DF Individual - Demonstração do Fluxo de Caixa (Método Direto);REAL;MIL;ÚLTIMO;2021-01-01;2021-12-31;6.04;Variação Cambial s/ Caixa e Equivalentes;0.0000000000;S
60.537.263/0001-66;2021-12-31;2;ALLPARK EMPREENDIMENTOS, PARTICIPAÇÕES E SERVIÇOS S.A.;024953;DF Individual - Demonstração do Fluxo de Caixa (Método Direto);REAL;MIL;PENÚLTIMO;2020-01-01;2020-12-31;6.05;Aumento (Redução) de Caixa e Equivalentes;-68223.0000000000;S
60.537.263/0001-66;2021-12-31;2;ALLPARK EMPREENDIMENTOS, PARTICIPAÇÕES E SERVIÇOS S.A.;024953;DF Individual - Demonstração do Fluxo de Caixa (Método Direto);REAL;MIL;ÚLTIMO;2021-01-01;2021-12-31;6.05;Aumento (Redução) de Caixa e Equivalentes;49845.0000000000;S
60.537.263/0001-66;2021-12-31;2;ALLPARK EMPREENDIMENTOS, PARTICIPAÇÕES E SERVIÇOS S.A.;024953;DF Individual - Demonstração do Fluxo de Caixa (Método Direto);REAL;MIL;PENÚLTIMO;2020-01-01;2020-12-31;6.05.01;Saldo Inicial de Caixa e Equivalentes;73933.0000000000;S
60.537.263/0001-66;2021-12-31;2;ALLPARK EMPREENDIMENTOS, PARTICIPAÇÕES E SERVIÇOS S.A.;024953;DF Individual - Demonstração do Fluxo de Caixa (Método Direto);REAL;MIL;ÚLTIMO;2021-01-01;2021-12-31;6.05.01;Saldo Inicial de Caixa e Equivalentes;5710.0000000000;S
60.537.263/0001-66;2021-12-31;2;ALLPARK EMPREENDIMENTOS, PARTICIPAÇÕES E SERVIÇOS S.A.;024953;DF Individual - Demonstração do Fluxo de Caixa (Método Direto);REAL;MIL;PENÚLTIMO;2020-01-01;2020-12-31;6.05.02;Saldo Final de Caixa e Equivalentes;5710.0000000000;S
60.537.263/0001-66;2021-12-31;2;ALLPARK EMPREENDIMENTOS, PARTICIPAÇÕES E SERVIÇOS S.A.;024953;DF Individual - Demonstração do Fluxo de Caixa (Método Direto);REAL;MIL;ÚLTIMO;2021-01-01;2021-12-31;6.05.02;Saldo Final de Caixa e Equivalentes;55555.0000000000;S
